[0 1 1 1 1 0 1 1 1 1 1 1 1 1 1 1 1 1 1 1 1 1 1 1 1 1 1 1 1 0 1 1 0 0 0 0 0
 0 0 0 1 0 1 0 1 0 0 0 0 0 0 0 0 1 1 0 0 1 1 1 0 0 1 0 0 0 1 1 0 1 1 1 0 0
 0 0 0 0 0 0 0 1 0 0 1 1 1 1 1 0 1 1 1 1 0 1 1 1 0 0 0 0 0 1 0 1 1 1 1 0 1
 0 1 1 1 0 1 1 1 0 1 1 1 0 1 1 1 0 1 0 1 1 1 1 1 1 1 1 1 0 1 1 1 0 1 1 1 1
 1 0 0 1 1 1 1 1 1 1 0 1 1 0 0 0 1 0 0 0 0 0 0 0 0 0 0 0 0 0 1 0 1 0 1 0 1
 1 1 1 0 1 1 1 0 1 1 0 1 1 0 1 1 1 1 0 1 1 1 1 1 0 1 1 1 1 1 1 0 1 1 0 1 1
 1 1 1 0 0 1 0 0 1 0 0 0 0 0 0 0 0 0 0 0 0 1 0 0 0 1 0 1 0 0 0 0 0 0 0 0 0
 0 0 1 1 0 1 1 0 1 0 1 0 0 0 0 0 0 0 0 1 1 1 0 1 1 1 1 1 1 1 1 0 0 1 1 1 1
 1 1 1 0 1 1 1 0 0 1 0 1 1 1 1 1 1 1 1 1 1 0 0 0 0 0 0 1 0 0 1 0 0 0 1 1 0
 1 1 1 1 1 0 1 1 1 1 0 1 0 1 0 0 0 1 0 1 1 1 1 0 1 1 1 1 1 1 1 1 1 1 1 1 0
 0 0 0 0 0 0 0 1 0 0 0 0 0 0 0 0 0 1 0 0 0 0 0 0 0 0 1 1 0 0 0 0 0 0 0 0 0
 0 0 0 0 1 0 0 0 1 1 1 1 0 0 0 1 1 0 1 1 1 0 1 1 0 1 0 1 0 0 0 0 0 0 0 0 0
 0 0 0 0 0 0 0 0 0 0 0 0 0 0 0 0 0 0 1 0 0]
-0.8864110402818142 (724.6928210258484)
[0 1 1 1 1 0 1 1 1 1 1 1 1 1 1 1 1 1 1 1 1 1 1 1 1 1 1 1 1 0 1 0 0 0 0 0 0
 0 0 0 1 0 0 0 1 0 0 0 0 0 0 0 0 1 1 0 0 1 1 1 0 0 1 0 0 0 1 1 0 1 1 1 0 0
 0 0 0 0 0 0 0 1 0 0 1 1 1 1 1 0 1 1 1 1 0 1 1 1 0 0 0 0 0 1 0 1 1 1 1 0 1
 0 1 1 1 0 1 1 1 0 1 1 1 0 1 1 1 0 1 0 1 1 1 1 1 1 1 1 1 0 1 1 1 0 1 1 1 1
 1 0 0 1 1 1 1 1 1 1 0 1 1 0 0 0 1 0 0 0 0 0 0 0 0 0 0 0 0 0 1 0 1 0 1 0 1
 1 1 1 0 1 1 1 0 1 1 0 1 1 0 1 1 1 1 0 1 1 1 1 1 0 1 1 1 1 1 1 0 1 1 0 1 1
 1 1 1 0 0 1 0 0 1 0 0 0 0 0 0 0 0 0 0 0 0 1 0 0 0 1 0 1 0 0 0 0 0 0 0 0 0
 0 0 1 1 0 1 1 0 1 0 1 0 0 0 0 0 0 0 0 1 1 1 0 1 1 1 1 1 1 1 1 0 0 1 1 1 1
 1 1 1 0 1 1 1 0 0 1 0 1 1 1 1 1 1 1 1 1 1 0 0 0 0 0 0 1 0 0 1 0 0 0 1 1 0
 1 1 1 1 1 0 1 1 1 1 0 1 0 1 0 0 0 1 0 1 1 1 1 0 1 1 1 1 1 1 1 1 1 1 1 1 0
 0 0 0 0 0 0 0 1 0 0 0 0 0 0 0 0 0 1 0 0 0 0 0 0 0 0 1 1 0 0 0 0 0 0 0 0 0
 0 0 0 0 1 0 0 0 1 1 1 1 0 0 0 1 1 0 1 1 1 0 1 1 0 1 0 1 0 0 1 0 0 1 0 0 0
 0 0 0 0 0 0 0 0 0 0 0 0 0 0 0 0 0 0 0 0 0]
-0.8828702982384584 (748.9424431324005)
[1 1 1 1 1 0 1 1 1 1 0 1 1 1 1 1 1 1 1 1 1 1 1 0 1 1 1 1 1 0 1 0 0 0 0 1 0
 0 0 1 1 0 1 0 1 0 0 0 0 0 0 0 0 1 1 0 0 1 1 1 0 0 1 0 0 0 1 1 0 1 1 1 0 0
 0 0 0 0 0 0 0 1 0 0 1 1 1 1 1 0 1 1 1 1 0 1 1 1 0 0 0 0 1 1 0 1 1 1 1 0 1
 0 1 1 1 0 1 1 1 0 1 1 1 0 1 1 1 0 1 0 1 1 1 1 1 1 1 1 1 0 1 1 1 0 1 1 1 1
 1 1 0 1 1 1 1 1 1 1 0 1 1 0 0 0 1 0 0 0 0 0 0 0 0 0 0 0 0 0 1 1 1 0 1 0 1
 1 1 1 0 1 1 1 0 1 1 0 1 1 1 1 1 1 1 0 1 1 1 1 1 0 1 1 1 1 1 1 0 1 1 1 1 1
 1 1 1 0 0 1 0 0 1 0 0 0 0 0 0 0 0 0 0 0 0 1 0 0 0 1 0 1 0 0 0 0 0 0 0 0 0
 0 0 1 1 0 1 1 0 1 1 1 0 0 0 0 0 0 0 0 1 1 1 0 1 1 1 1 1 1 1 1 0 0 1 1 1 1
 1 1 1 0 1 1 1 0 1 1 0 1 1 1 1 1 1 1 1 1 1 0 0 0 0 0 0 1 0 0 1 0 0 0 1 1 1
 1 1 1 1 1 0 1 1 1 1 0 1 0 1 0 0 0 1 0 1 1 1 1 0 1 1 1 1 1 1 1 1 1 1 1 1 0
 0 0 0 0 0 0 0 1 0 0 0 0 0 0 0 0 0 1 0 0 0 0 0 0 0 0 1 1 0 0 0 0 0 0 0 1 0
 0 0 0 0 1 0 0 0 1 1 1 1 0 0 0 1 1 0 1 1 1 0 1 1 0 1 0 1 0 0 0 0 0 1 0 0 0
 0 0 0 0 0 0 1 0 0 0 0 0 0 0 0 0 0 0 0 0 0]
-0.8709883769525959 (773.6058962345123)
[1 1 1 1 1 0 1 1 1 1 1 1 1 1 1 1 1 1 1 0 1 1 1 1 1 1 1 1 1 0 1 1 0 0 0 1 0
 0 0 0 1 0 0 0 1 0 0 0 0 0 0 0 0 1 1 0 0 1 1 0 0 0 1 0 0 0 1 1 0 1 1 1 0 0
 0 0 0 0 0 0 1 1 0 0 1 1 1 1 1 0 1 1 1 1 0 1 1 1 0 0 0 0 1 1 0 1 1 1 1 0 1
 0 1 1 1 0 1 1 1 0 1 1 1 0 1 1 1 0 1 0 1 1 1 1 1 1 1 1 0 0 1 1 1 0 1 1 1 1
 1 1 0 1 1 1 1 1 1 1 0 1 1 0 0 0 1 0 0 0 0 0 0 0 0 0 0 0 0 0 1 1 1 0 1 0 1
 1 1 1 0 1 1 1 0 1 1 0 1 1 1 1 1 1 1 0 1 1 1 1 1 0 1 1 1 0 1 1 0 1 1 1 1 1
 1 1 1 0 0 1 0 0 1 0 0 0 0 0 0 0 0 0 0 0 0 1 0 0 0 1 0 1 0 0 0 0 0 0 0 0 0
 0 0 1 1 0 1 1 0 1 1 1 0 0 0 0 0 0 0 0 1 1 1 0 1 1 1 1 1 1 1 1 0 0 1 1 1 1
 1 1 1 0 1 1 1 0 0 1 0 1 1 1 1 1 1 1 1 1 1 0 0 0 0 0 0 1 0 0 1 0 0 0 1 1 1
 1 1 1 1 1 0 1 1 1 1 0 1 0 1 0 0 0 1 0 1 1 1 1 0 1 1 1 1 1 1 1 1 1 1 1 1 0
 0 0 0 0 0 0 0 1 0 0 0 0 0 0 0 0 0 1 0 0 0 0 0 0 0 0 1 1 0 0 0 0 0 0 0 1 0
 0 0 0 0 1 0 0 0 1 1 1 1 0 0 0 1 1 0 1 1 1 0 1 1 0 1 0 1 0 0 0 0 0 1 0 0 0
 0 0 0 0 0 0 1 0 0 0 0 0 0 0 0 0 0 0 0 0 0]
-0.8290801116507964 (773.6303141117096)
[0 1 1 1 1 0 1 1 1 1 1 1 1 1 1 1 1 1 1 1 1 1 1 1 1 1 1 1 1 0 0 1 0 0 0 0 0
 0 0 1 1 0 1 0 1 0 0 0 0 0 0 0 0 1 1 0 0 1 1 1 0 0 1 0 0 0 1 1 0 1 1 1 0 0
 0 0 0 0 0 0 1 1 1 0 1 1 1 1 1 0 1 1 1 1 0 1 1 1 0 0 0 0 1 1 0 1 1 1 1 0 1
 0 1 1 1 0 1 1 1 0 1 1 1 0 1 1 1 0 1 0 1 1 1 1 1 1 1 1 1 0 1 1 1 0 1 1 1 1
 1 1 0 1 1 1 1 1 1 1 0 1 1 0 0 0 1 0 0 0 0 0 0 0 0 0 0 0 0 0 1 0 1 0 1 0 1
 1 1 1 0 1 1 1 0 1 1 0 0 1 0 1 1 1 1 0 1 1 1 1 1 0 1 1 1 0 1 1 0 1 1 1 1 1
 1 1 1 0 0 1 0 0 1 0 0 0 0 0 0 0 0 0 0 0 0 1 0 0 0 1 0 1 0 0 0 0 0 0 0 0 0
 0 0 1 1 0 1 1 0 1 0 1 0 0 0 0 0 0 0 0 1 1 1 0 1 1 1 1 1 1 1 1 0 0 1 1 1 1
 1 1 1 0 1 1 1 0 0 1 0 1 1 1 1 1 1 1 1 1 1 0 0 0 0 0 0 1 0 0 1 0 0 0 1 1 0
 1 1 1 1 1 0 1 1 1 1 0 1 0 1 0 0 0 1 0 1 1 1 1 0 1 1 1 1 1 1 1 1 1 1 1 1 0
 0 0 0 0 0 0 0 1 0 0 0 0 0 0 0 0 0 1 0 0 0 0 0 0 0 0 1 1 0 0 0 0 0 0 0 0 0
 0 0 0 0 1 0 0 0 1 1 1 1 0 0 0 1 1 0 1 1 1 0 1 1 0 1 0 1 0 0 0 0 0 0 0 0 0
 0 0 0 0 0 0 0 1 0 0 0 0 1 0 0 0 0 0 0 0 0]
-0.7649620782276543 (784.2522161006927)
[0 1 1 1 1 0 1 1 0 1 1 1 1 1 1 1 1 1 1 1 1 1 1 1 1 1 1 1 0 0 1 1 0 0 0 0 0
 0 0 1 1 0 1 0 1 0 0 0 0 0 0 0 0 1 1 0 0 1 1 1 0 0 1 0 0 0 1 1 0 1 1 1 0 0
 0 0 0 0 0 0 1 1 1 0 1 1 1 1 1 0 1 1 1 1 0 1 1 1 0 0 0 0 1 1 0 1 1 1 1 0 1
 0 1 1 1 0 1 1 1 0 1 1 1 0 1 1 1 0 1 0 1 1 1 1 1 1 1 1 1 0 1 1 1 0 1 1 1 1
 1 1 0 1 1 1 1 1 1 1 0 1 1 0 0 0 1 0 0 0 0 0 0 0 0 0 0 0 0 0 1 0 1 0 1 0 0
 1 1 1 0 1 1 1 1 1 1 0 0 1 0 1 1 1 1 0 1 1 1 1 1 0 1 1 1 0 1 1 0 1 1 1 1 1
 1 1 1 0 0 1 0 0 1 0 0 0 0 0 0 0 0 0 0 0 0 1 0 0 0 1 0 1 0 0 0 0 0 0 0 0 0
 0 0 1 1 0 1 1 0 1 0 1 0 0 0 0 0 0 0 0 1 1 1 0 1 1 1 1 1 1 1 1 0 0 1 1 1 1
 1 1 1 0 1 1 1 0 0 1 0 1 1 1 1 1 1 1 1 1 1 0 0 0 0 0 0 1 0 0 0 0 0 0 1 1 0
 1 1 1 1 1 0 1 1 1 1 0 1 0 1 0 0 0 1 0 1 1 1 1 0 1 1 1 1 1 1 1 1 1 1 1 1 0
 0 0 0 0 0 0 0 1 0 0 0 0 0 0 0 0 0 1 0 0 0 0 0 0 0 0 1 1 0 0 0 0 0 0 0 0 0
 0 0 0 0 1 0 0 0 1 1 1 1 0 0 0 1 1 0 1 1 1 0 1 1 0 1 0 1 0 0 0 0 0 0 0 0 0
 0 0 0 0 1 0 0 0 0 0 0 0 0 0 0 0 0 0 0 1 0]
-0.7566888068035382 (819.3956642150879)
[0 1 1 1 1 0 1 1 1 1 1 1 1 1 1 1 1 1 1 1 1 1 1 0 1 1 1 1 1 0 0 1 0 0 0 0 0
 0 0 1 1 0 1 0 1 0 0 0 0 0 0 0 0 1 1 0 0 1 1 1 0 0 1 0 0 0 1 1 0 1 1 1 0 0
 0 0 0 0 0 0 0 1 0 0 1 1 1 1 1 0 1 1 1 1 0 1 1 1 0 0 0 0 1 1 0 1 1 1 1 0 1
 0 1 1 1 0 1 1 1 0 1 1 1 0 1 1 1 0 1 0 1 1 1 1 1 1 1 1 1 0 1 1 1 0 1 1 1 1
 1 1 0 1 1 1 1 1 1 1 0 1 1 0 0 0 1 0 0 0 0 0 0 0 0 0 0 0 0 0 1 0 1 0 1 0 1
 1 1 1 0 1 1 1 0 1 1 0 0 1 0 1 1 1 1 0 1 1 1 1 1 0 1 1 1 0 1 1 0 1 1 1 1 1
 1 1 1 0 0 1 0 0 1 0 0 0 0 0 0 0 0 0 0 0 0 1 0 0 0 1 0 1 0 0 0 0 0 0 0 0 0
 0 0 1 1 0 1 1 0 1 1 1 0 0 0 0 0 0 0 0 1 1 1 0 1 1 1 1 1 1 1 1 0 0 1 1 1 1
 1 1 1 0 1 1 1 0 0 1 0 1 1 1 1 1 1 1 1 1 1 0 0 0 0 0 0 1 0 0 0 0 0 0 1 1 0
 1 1 1 1 1 0 1 1 1 1 0 1 0 1 0 0 0 1 0 1 1 1 1 0 1 1 1 1 1 1 1 1 1 1 1 1 0
 0 0 0 0 0 0 0 1 0 0 0 0 0 0 0 0 0 1 0 0 0 0 0 0 0 0 1 1 0 0 0 0 0 0 0 1 0
 0 0 0 0 1 0 0 0 1 1 1 1 0 0 0 1 1 0 1 1 1 0 1 1 0 1 0 1 0 0 0 0 0 0 0 0 0
 0 0 0 0 0 0 0 1 0 1 0 0 0 0 0 0 0 0 0 0 0]
-0.7185231703438717 (828.2498428821564)
[0 1 1 1 1 0 1 1 1 1 1 1 1 1 1 1 1 1 1 1 1 1 1 1 1 1 1 1 0 0 1 1 0 0 1 0 0
 0 0 1 0 0 1 0 1 0 0 0 0 0 0 0 0 1 1 0 0 1 1 1 0 1 1 0 0 0 1 1 0 1 1 1 0 0
 0 0 0 0 0 0 1 1 1 0 1 1 1 1 1 0 1 0 1 1 1 1 1 1 0 1 0 0 1 1 0 1 1 1 1 0 1
 0 1 1 1 1 1 1 1 0 1 1 1 0 1 1 1 0 1 0 1 1 1 1 1 1 1 1 1 0 1 1 1 1 1 1 1 1
 1 1 0 1 1 0 1 1 1 1 0 1 1 0 0 0 0 0 0 0 0 0 0 0 0 0 0 0 0 0 1 0 1 0 1 0 1
 1 1 1 0 1 1 1 1 1 1 0 0 1 0 1 1 1 1 0 1 1 1 1 1 0 1 1 1 0 1 0 0 1 1 0 1 1
 1 1 1 0 0 1 0 0 1 0 0 0 0 0 0 0 0 0 0 0 0 1 0 0 0 1 0 1 0 0 0 0 0 0 0 0 0
 0 0 1 1 0 1 1 0 1 0 1 0 0 0 0 0 0 0 0 0 1 1 0 1 0 1 1 1 1 1 1 0 0 1 0 1 1
 1 1 1 0 1 1 1 0 0 1 0 1 1 1 1 1 1 1 1 1 1 0 0 0 0 0 0 1 0 0 0 0 1 0 1 1 0
 1 1 1 1 1 0 1 1 1 1 0 1 0 1 0 0 0 1 0 1 1 1 1 0 1 1 1 1 1 1 1 1 1 1 1 1 0
 0 0 0 0 0 0 0 1 0 0 0 0 0 0 0 0 0 1 1 0 0 0 0 0 0 0 1 1 0 0 0 0 0 0 0 0 0
 0 0 0 0 1 0 0 0 1 1 1 1 0 0 0 1 1 0 1 1 1 0 1 1 0 1 0 1 0 0 0 0 0 0 0 0 0
 0 0 0 0 1 0 0 0 0 0 0 0 0 1 0 0 0 0 0 0 0]
-0.6970679980981913 (835.4151291847229)
[0 1 1 1 1 0 1 1 1 1 1 1 1 1 1 1 1 1 1 1 1 1 1 1 1 1 1 1 1 0 0 1 0 0 0 0 0
 0 0 1 1 0 1 0 1 0 0 0 0 0 0 0 0 1 1 0 0 1 1 1 0 1 1 0 0 0 1 1 0 1 1 1 0 0
 0 0 0 0 0 0 1 1 1 0 1 1 1 1 1 0 1 1 1 1 1 1 1 1 0 1 0 0 1 1 0 1 1 1 1 0 1
 0 1 1 1 0 1 1 1 0 1 1 1 0 1 1 1 0 1 0 1 1 1 1 1 1 1 1 1 0 1 1 1 0 1 1 1 1
 1 1 0 1 1 1 1 1 1 1 0 1 1 0 0 0 1 0 0 0 0 0 0 0 0 0 0 0 0 0 1 0 0 0 1 0 1
 1 1 1 0 1 1 1 0 1 1 0 0 1 0 1 1 1 1 0 1 1 1 1 1 0 1 1 1 0 1 1 0 1 1 1 1 1
 1 1 1 0 0 1 0 0 1 0 1 0 0 0 0 0 0 0 0 0 0 1 0 0 0 1 0 1 0 0 0 0 0 0 0 0 0
 0 0 1 1 0 1 1 0 1 0 1 0 0 0 0 0 0 0 0 1 1 1 0 1 1 1 1 1 1 1 1 0 0 1 1 1 1
 1 1 1 0 1 1 1 1 0 1 0 1 1 1 1 1 1 1 1 1 1 0 0 0 0 0 0 1 0 0 1 0 0 0 1 1 0
 1 1 1 1 1 0 1 1 1 1 0 1 0 1 0 0 0 1 0 1 1 1 1 0 1 1 1 1 1 1 1 1 1 1 1 1 0
 0 0 0 0 0 0 0 1 0 0 0 0 0 0 0 0 0 1 0 0 0 0 0 0 0 0 1 1 0 0 0 0 0 0 0 0 0
 0 0 0 0 1 0 0 0 1 1 1 1 0 0 0 1 1 0 1 1 1 0 1 1 0 1 0 1 0 0 0 0 0 0 0 0 0
 0 0 1 0 0 0 0 0 0 0 0 1 0 0 0 0 0 0 0 0 0]
-0.6926574855373815 (871.0284459590912)
[0 1 1 1 1 0 1 1 1 1 1 1 1 1 1 1 1 1 1 1 1 1 1 1 1 1 1 1 0 0 1 1 0 0 1 0 0
 0 0 1 1 0 1 0 1 0 0 0 0 0 0 0 0 1 1 0 0 1 1 1 0 1 1 0 0 0 1 1 0 1 1 1 0 0
 0 0 0 0 0 0 1 1 1 0 1 1 1 1 1 0 1 0 1 1 1 1 1 1 0 1 0 0 1 1 0 1 1 1 1 0 1
 0 1 1 1 1 1 1 1 0 1 1 1 0 1 1 1 0 1 0 1 1 1 1 1 1 1 1 1 0 1 1 1 1 1 1 1 1
 1 1 0 1 1 0 1 1 1 1 0 1 1 0 0 0 0 0 0 0 0 0 0 0 0 0 0 0 0 0 0 0 1 0 1 0 1
 1 1 1 0 1 1 1 1 1 1 0 0 1 0 1 1 1 1 0 1 1 1 1 1 0 1 1 1 0 1 0 0 0 1 0 1 1
 1 1 1 0 0 1 0 0 1 0 0 0 0 0 0 0 0 0 0 0 0 1 0 0 0 1 0 1 0 0 0 0 0 0 0 0 0
 0 0 1 1 0 1 1 0 1 0 1 0 0 0 0 0 0 0 0 1 1 1 0 1 0 1 1 1 1 1 1 0 0 1 0 1 1
 1 1 1 0 1 1 1 0 0 1 0 1 1 1 1 1 1 1 1 1 1 0 0 0 0 0 0 1 0 0 0 0 1 0 1 1 0
 1 1 1 1 1 0 1 1 1 1 0 1 0 1 1 0 0 1 0 1 1 1 1 0 1 1 1 1 1 1 1 1 1 1 1 1 0
 0 0 0 0 0 0 0 1 0 0 0 0 0 0 0 0 0 1 1 0 0 0 0 0 0 0 1 1 0 0 0 0 0 0 0 1 0
 0 0 0 0 1 0 0 0 1 1 1 1 0 0 0 1 1 0 1 1 1 0 1 1 0 1 0 1 0 0 0 0 0 0 0 0 0
 0 0 0 0 0 0 0 0 1 0 0 1 0 0 0 0 0 0 0 0 0]
-0.6738128328257744 (900.374988079071)
[0 1 1 1 1 0 1 1 1 1 1 1 1 1 1 1 1 1 1 1 1 1 1 1 1 1 1 1 0 0 1 1 0 0 1 0 0
 0 0 0 0 0 1 0 1 0 0 0 0 0 0 0 0 1 1 0 0 1 1 1 0 1 1 0 0 0 1 1 0 1 1 1 0 0
 0 0 0 0 0 0 1 1 1 0 1 1 1 1 1 0 1 0 1 1 1 1 1 1 0 1 1 0 1 1 0 1 1 1 1 0 1
 0 1 1 1 1 1 1 1 0 1 1 1 0 1 1 1 0 1 0 1 1 1 1 1 1 1 1 1 1 1 1 1 1 1 1 1 1
 1 1 0 1 1 0 1 1 1 1 0 0 1 0 0 0 0 0 0 0 0 0 0 0 0 0 0 0 0 0 1 0 1 0 1 0 1
 1 1 1 0 1 1 1 1 1 1 0 0 1 0 1 1 1 1 0 1 1 1 1 1 0 1 1 1 0 1 0 0 1 1 0 1 1
 1 1 1 0 0 1 0 0 1 0 0 0 0 0 0 0 0 0 0 0 0 1 0 0 0 1 0 1 0 0 0 0 0 0 0 0 0
 0 0 1 1 0 1 1 0 1 0 1 0 0 0 0 0 0 0 0 0 1 1 0 1 0 1 1 1 1 1 1 0 0 1 0 1 1
 1 1 1 0 1 1 1 0 0 1 0 1 1 1 1 1 1 1 1 1 1 0 0 0 0 0 0 1 0 0 0 0 1 0 1 1 0
 1 1 1 1 1 0 1 1 1 1 0 1 0 1 0 0 0 1 0 1 1 1 1 0 1 1 1 1 1 1 1 1 1 1 1 1 0
 0 0 0 0 0 0 0 1 0 0 0 0 0 0 0 0 0 1 1 0 0 0 0 0 0 0 1 1 0 0 0 0 0 0 0 0 0
 0 0 0 0 1 0 0 0 1 1 1 1 0 0 0 1 1 0 1 1 1 0 1 1 0 1 0 1 0 0 0 0 0 0 0 0 0
 0 0 0 0 0 0 0 0 0 0 0 0 0 0 0 1 0 0 1 0 0]
-0.6602635145608247 (918.405944108963)
[0 1 1 1 1 0 1 1 1 1 1 1 1 1 1 1 1 1 1 0 1 1 1 1 1 1 1 1 1 0 1 1 0 0 0 0 0
 0 0 1 1 0 1 0 1 0 0 0 0 0 0 0 0 1 1 0 0 1 1 1 0 1 1 0 0 0 1 1 0 1 1 1 0 0
 0 0 0 1 0 0 1 1 1 0 1 1 0 1 1 0 1 1 1 1 1 1 1 1 1 1 0 0 1 1 1 1 1 1 1 1 1
 0 1 1 1 0 0 1 1 0 1 1 1 1 1 1 1 0 1 0 1 1 1 1 1 1 1 1 1 0 1 1 1 1 1 1 1 1
 1 1 1 1 1 1 1 1 1 1 0 1 1 0 0 0 1 0 0 0 0 0 0 0 0 0 0 0 0 0 1 0 0 0 1 0 1
 1 1 1 0 1 1 1 0 1 1 1 0 1 0 1 1 1 1 0 1 1 1 1 1 0 1 1 1 1 1 1 0 1 1 1 1 1
 1 1 1 0 0 1 0 0 1 0 1 0 0 0 0 0 0 0 0 0 1 1 0 0 0 1 0 1 0 0 0 0 0 0 0 0 0
 0 0 1 1 0 1 1 0 1 0 1 0 0 0 0 0 0 0 0 1 0 1 0 1 1 1 1 1 1 1 1 0 0 1 1 1 1
 1 1 1 0 1 1 1 1 0 1 0 1 1 1 1 1 1 1 0 1 1 0 0 0 0 0 0 1 0 0 1 0 0 0 1 1 0
 1 1 1 1 1 0 1 1 1 1 0 1 0 1 0 0 0 1 0 1 1 1 1 0 1 1 1 1 1 1 1 1 1 1 1 1 0
 0 0 0 0 0 0 0 1 0 0 0 0 0 0 0 0 0 1 0 0 0 0 0 0 0 0 1 1 0 0 0 0 0 0 0 0 0
 0 0 0 0 1 0 0 0 1 1 1 1 0 0 0 1 1 0 1 1 1 0 1 1 0 1 0 1 0 0 0 0 0 0 0 0 0
 0 0 1 0 0 0 0 0 0 0 0 0 1 0 0 0 0 0 0 0 0]
-0.6385969126937994 (981.1393899917603)
[0 1 1 1 1 0 1 1 1 1 1 1 1 0 1 1 1 1 1 0 1 1 1 1 1 1 1 1 1 0 1 1 0 0 0 0 0
 0 0 1 1 0 1 0 1 0 0 0 0 0 0 0 0 1 1 0 0 1 1 1 0 1 1 0 0 0 1 1 0 1 1 1 0 0
 0 0 0 1 0 0 1 1 1 0 1 1 1 1 1 0 1 1 1 1 1 1 1 1 0 1 0 0 1 1 1 1 1 1 1 1 1
 0 1 1 1 0 1 1 1 0 1 1 1 1 1 1 1 0 1 0 1 1 1 1 1 1 1 1 1 0 1 1 1 0 1 1 1 1
 1 1 0 1 1 1 1 1 1 1 0 1 1 0 0 0 1 0 0 0 0 0 0 0 0 0 0 0 0 0 1 0 0 0 1 0 1
 1 1 1 0 1 1 1 0 1 1 0 0 1 0 1 1 1 1 0 1 1 1 1 1 0 1 1 1 1 1 1 0 1 1 1 1 1
 1 1 1 0 0 1 0 0 1 0 1 0 0 0 0 0 0 0 0 0 0 1 0 0 0 1 0 1 0 0 0 0 0 0 0 0 0
 0 1 1 1 0 1 1 0 1 0 1 0 0 0 0 0 0 0 0 1 1 1 0 1 1 1 1 1 1 1 1 0 0 1 1 1 1
 1 1 1 0 1 1 1 1 0 1 0 1 1 1 1 1 1 1 0 1 1 0 0 0 0 0 0 1 0 0 1 0 0 0 1 1 0
 1 1 1 1 1 0 1 1 1 1 0 1 0 1 0 0 0 1 0 1 1 1 1 0 1 1 1 1 1 1 1 1 1 1 1 1 0
 0 0 0 0 0 0 0 1 0 0 0 0 0 0 0 0 0 1 0 0 0 0 0 0 0 0 1 1 0 0 0 0 0 0 0 0 0
 0 0 0 0 1 0 0 0 1 1 1 1 0 0 0 1 1 0 1 1 1 0 1 1 0 1 0 1 0 0 0 0 0 0 0 0 0
 0 0 1 0 0 0 0 0 0 0 0 0 1 0 0 0 0 0 0 0 0]
-0.5847759267070956 (981.16668009758)
[0 1 1 1 1 0 1 1 1 1 0 1 1 1 1 1 1 1 1 1 1 0 1 0 1 1 1 1 0 0 1 1 1 0 1 0 0
 0 0 0 0 0 1 0 1 0 0 0 0 0 0 0 0 1 1 0 0 1 1 1 0 1 1 0 0 0 1 1 0 1 1 1 0 0
 0 0 0 1 0 0 1 1 1 0 1 1 0 1 1 0 1 0 1 1 0 1 1 1 1 0 1 0 0 1 1 1 1 1 1 1 1
 0 1 1 1 0 1 1 1 0 1 1 1 0 1 1 0 0 1 1 1 1 1 1 1 1 1 1 1 1 1 1 1 0 1 1 1 1
 1 1 0 1 1 1 1 1 1 1 0 1 1 0 0 0 1 0 0 0 0 0 0 0 0 0 0 0 0 0 1 0 1 0 1 0 1
 1 1 1 0 1 1 1 1 1 1 0 0 1 0 1 1 1 1 0 1 1 1 1 1 1 1 1 1 1 1 1 1 1 1 0 1 1
 1 1 1 0 0 1 0 0 1 0 0 0 0 0 0 0 0 0 0 0 1 0 0 0 0 1 0 1 1 0 0 0 0 0 0 0 0
 0 1 1 1 0 1 1 0 1 0 1 0 0 0 0 0 1 0 0 1 1 1 0 1 1 1 1 1 1 1 1 0 0 1 1 1 1
 1 1 1 0 1 1 1 0 1 1 0 1 1 1 1 1 1 1 0 1 1 0 0 0 0 0 0 1 0 0 0 0 0 0 1 1 0
 1 1 0 1 1 0 1 1 1 1 0 1 0 1 0 0 0 1 0 1 1 1 1 0 1 1 1 1 1 1 1 1 1 1 1 1 0
 0 0 0 0 0 0 0 0 0 0 0 0 0 0 0 0 0 1 1 0 0 0 1 0 0 1 1 1 0 0 0 0 0 0 0 0 0
 0 0 0 0 1 0 0 0 1 1 1 1 0 0 0 1 0 0 1 1 1 0 1 1 0 1 0 1 0 0 0 0 0 0 0 0 0
 0 0 1 0 0 0 0 0 0 0 0 0 1 0 0 0 0 0 0 0 0]
-0.5685123168831296 (981.1726820468903)
[0 1 1 1 1 0 1 1 1 1 1 1 1 0 1 1 1 1 1 0 1 0 1 1 1 1 1 1 1 0 1 1 1 0 1 0 0
 0 0 0 1 0 1 0 1 0 0 0 0 0 0 0 0 1 1 1 0 1 1 1 0 1 1 0 0 0 1 1 0 1 1 1 0 0
 0 0 0 1 0 0 1 1 1 0 1 1 1 1 1 0 1 1 1 1 1 1 1 1 0 1 0 0 1 1 1 1 1 1 1 1 1
 0 1 1 1 0 1 1 1 0 1 1 1 1 1 1 1 0 1 0 1 1 1 1 1 1 1 1 1 0 1 1 1 0 1 1 1 0
 0 1 0 1 1 1 1 1 1 1 1 1 1 0 0 0 1 0 0 0 0 0 0 0 0 0 0 0 0 0 1 0 0 0 1 0 1
 1 1 1 0 1 1 1 0 1 1 1 0 1 0 1 1 1 1 0 1 1 1 1 1 0 1 1 1 1 1 1 0 1 1 1 1 1
 1 1 1 0 0 1 0 0 1 0 1 0 0 0 0 0 0 0 0 0 0 1 0 0 0 1 0 1 0 0 0 0 0 0 0 0 0
 0 1 1 1 0 1 1 0 1 0 1 0 0 0 0 0 0 0 0 1 1 1 0 1 1 1 1 1 1 1 1 0 0 1 1 1 1
 1 1 1 1 1 1 1 1 0 1 0 1 1 1 1 1 1 1 0 1 1 0 0 0 0 0 0 1 0 0 1 1 0 0 1 1 1
 1 1 1 1 1 0 1 1 1 1 0 1 0 0 0 0 0 1 0 1 1 1 1 0 1 1 1 1 1 1 1 1 1 1 1 1 0
 0 0 0 0 0 0 0 1 0 0 0 0 0 0 0 0 0 1 0 0 0 0 0 0 0 0 1 1 0 0 0 0 0 0 0 0 0
 0 0 0 0 1 0 0 0 1 1 1 1 0 0 0 1 1 0 1 1 1 0 1 1 0 1 0 1 0 0 0 0 0 1 0 0 0
 0 0 1 0 0 0 0 0 0 0 0 0 0 0 0 0 0 0 0 0 0]
-0.5660926031058011 (1040.008512020111)
[0 1 1 1 1 0 1 1 1 1 0 1 1 0 1 1 1 1 1 1 1 0 1 0 1 1 1 1 1 0 1 1 1 0 1 1 0
 0 0 0 0 0 0 0 1 0 0 0 0 0 1 0 0 1 1 1 0 1 1 1 0 1 1 0 0 0 1 1 0 1 1 1 0 0
 0 0 0 1 0 0 1 1 1 0 1 1 0 1 1 0 1 0 1 1 1 1 1 1 1 1 1 0 0 1 1 1 1 1 1 1 1
 0 1 1 1 0 1 1 1 0 1 1 1 0 1 1 0 0 1 1 1 1 1 1 1 1 1 1 1 1 1 1 1 0 1 1 1 1
 1 1 0 1 1 1 1 1 1 1 1 1 1 0 0 0 1 0 0 0 0 0 0 0 0 0 0 0 0 0 0 0 1 0 1 1 1
 1 1 1 0 1 1 1 1 1 1 0 1 1 1 1 1 1 1 0 1 1 1 1 1 1 1 1 1 1 1 1 1 1 1 0 1 1
 1 1 1 0 0 1 0 0 1 0 0 0 0 0 0 0 1 0 0 0 1 0 0 0 0 1 0 1 1 0 0 0 0 0 0 0 0
 0 1 1 1 0 1 1 0 1 0 1 0 0 0 0 0 1 0 0 1 1 1 0 1 0 1 1 1 1 1 1 0 0 1 1 1 1
 1 1 1 0 1 1 1 0 1 1 0 1 1 1 1 1 1 1 0 1 1 0 0 0 0 0 0 1 0 0 0 1 0 0 1 1 0
 1 1 1 1 1 0 1 1 1 1 0 1 0 1 1 0 0 1 0 1 1 1 1 0 1 1 1 1 1 1 1 1 1 1 1 1 0
 0 0 0 0 0 0 0 0 0 0 0 0 0 0 0 0 0 1 1 0 0 0 1 0 0 1 1 1 0 0 0 0 0 0 0 0 0
 0 0 0 0 1 0 0 0 0 1 1 1 0 0 0 1 0 0 1 1 1 0 1 1 0 1 0 1 0 0 0 1 0 0 0 0 0
 0 0 0 0 0 0 0 0 0 0 0 0 0 0 0 0 0 0 0 0 1]
-0.5592369219146462 (1044.1850743293762)
[0 1 1 1 1 0 1 1 0 1 1 1 1 0 1 1 1 0 1 1 0 1 1 0 1 1 1 1 0 0 0 0 0 0 1 0 0
 0 0 0 0 0 1 0 1 0 0 0 0 0 0 0 0 1 1 1 0 1 1 1 0 1 1 0 0 0 1 1 0 1 1 1 0 0
 0 0 0 0 0 0 1 1 1 0 1 1 0 1 1 0 1 0 1 1 0 1 1 1 1 0 1 0 1 1 1 1 1 1 1 0 1
 0 1 1 1 1 1 1 1 0 1 1 1 0 1 1 1 1 1 1 1 1 1 1 1 1 1 1 1 1 1 1 1 1 1 1 1 0
 1 1 0 1 1 1 1 1 1 1 1 1 1 0 0 0 1 0 0 0 0 0 0 0 0 0 0 0 0 0 1 0 1 0 1 0 1
 1 1 1 0 1 1 1 1 1 1 0 1 1 0 1 1 1 1 0 1 1 1 1 1 1 1 1 1 1 1 1 1 1 1 1 1 1
 1 1 1 0 0 1 0 0 1 0 0 0 0 0 0 0 0 0 0 0 0 0 0 0 0 1 0 1 1 0 0 0 0 0 0 0 0
 0 0 0 1 0 1 1 0 1 0 1 0 0 0 0 0 0 0 0 1 1 1 0 1 1 1 1 1 1 1 1 0 0 1 1 1 1
 1 1 1 0 1 1 1 0 1 1 0 1 1 1 1 1 1 1 1 1 1 0 0 0 0 0 0 1 0 0 0 0 0 0 1 1 1
 1 1 0 1 1 0 1 1 1 1 0 1 0 1 1 0 0 1 0 1 1 1 1 0 1 1 1 1 1 1 1 1 1 1 1 1 0
 0 0 0 0 0 0 0 0 0 0 0 0 0 1 0 0 0 1 1 0 0 0 1 0 0 1 1 1 0 0 0 0 0 0 0 0 0
 0 0 0 0 1 0 0 0 1 1 1 1 0 0 0 1 0 0 1 1 1 0 1 1 1 1 0 1 0 0 1 0 0 0 0 0 0
 0 0 0 0 0 0 0 0 0 1 0 0 0 0 0 0 0 0 0 0 0]
-0.4871860049488532 (1052.405107975006)
[0 1 1 1 1 0 1 1 1 1 1 1 1 0 1 1 1 1 1 1 0 0 1 0 1 1 1 1 1 0 1 1 1 0 1 1 0
 0 0 0 0 0 0 0 1 0 0 0 0 0 1 0 0 1 1 1 0 1 1 1 0 1 1 0 0 0 1 1 0 1 1 1 0 0
 0 0 0 1 0 0 1 1 1 0 1 1 0 1 1 0 1 1 1 1 1 1 1 1 1 1 1 0 0 1 1 1 1 1 1 1 1
 0 1 1 1 0 1 1 1 0 1 1 1 0 1 1 0 0 1 1 1 1 1 1 1 1 1 1 1 1 1 1 1 1 1 1 1 1
 1 1 0 1 1 1 1 1 1 1 1 1 1 0 0 0 1 0 0 0 0 0 0 0 0 0 0 1 0 0 0 0 1 0 1 1 1
 1 1 1 0 1 1 1 1 1 1 1 1 1 1 1 1 1 1 0 1 1 1 1 1 1 1 1 1 1 1 1 1 1 1 0 1 1
 1 1 1 0 0 1 0 0 1 0 0 0 0 0 0 0 1 0 0 0 1 0 0 0 0 1 0 1 1 0 0 0 0 0 0 1 0
 0 1 1 1 0 1 1 0 1 0 1 0 0 0 0 0 1 0 0 1 1 1 0 1 0 1 1 1 1 1 1 0 0 1 1 1 1
 1 1 1 0 1 1 1 0 1 1 0 1 1 0 1 1 1 1 0 1 1 0 0 0 0 0 0 1 0 0 0 1 0 0 1 1 0
 1 1 1 1 1 0 1 1 1 1 0 1 0 1 1 0 0 1 0 1 1 1 1 0 1 1 1 1 1 1 1 1 1 1 1 1 0
 0 0 0 0 0 0 0 0 1 0 0 0 0 0 0 0 0 1 1 0 0 0 1 0 0 1 1 1 0 0 0 0 0 0 0 0 0
 0 0 0 0 1 0 0 0 0 1 1 1 0 0 0 1 0 0 1 1 1 0 1 1 0 1 0 1 0 0 0 0 0 1 0 0 0
 0 0 0 0 0 0 0 0 0 0 0 0 0 0 0 0 0 0 0 0 1]
-0.4468885872223609 (1093.3591752052307)
[0 1 1 1 1 0 1 1 0 1 1 1 1 0 1 1 1 0 1 1 0 1 1 0 1 1 1 1 0 0 0 1 0 0 1 0 0
 0 0 0 1 0 1 0 1 0 0 0 0 0 0 0 0 1 1 1 0 1 1 1 0 1 1 0 0 0 1 1 0 1 1 1 0 0
 0 0 0 1 0 0 1 1 1 0 1 1 0 1 1 0 1 0 1 1 0 1 1 1 1 0 1 0 1 1 1 1 1 1 1 0 1
 0 1 1 1 1 1 1 1 0 1 1 1 0 1 1 1 1 1 1 1 1 1 1 1 1 1 1 1 1 1 1 1 1 1 1 1 0
 1 1 0 1 1 1 1 1 1 1 1 1 1 0 0 0 1 0 0 0 0 0 0 0 0 0 0 0 0 0 1 0 1 0 1 0 1
 1 1 1 0 1 1 1 1 1 1 0 1 1 0 1 1 1 1 0 1 1 1 1 1 1 1 1 1 1 1 1 1 1 1 1 1 1
 1 1 1 0 0 1 0 0 1 1 0 0 0 0 0 0 0 0 0 0 0 0 0 0 0 1 0 1 1 0 0 0 0 0 0 0 0
 0 0 0 1 0 1 1 0 1 0 1 0 0 0 0 0 0 0 0 1 1 1 0 1 1 1 1 1 1 1 1 0 0 1 1 1 1
 1 1 1 0 1 1 1 0 1 1 0 1 1 1 1 1 1 1 1 1 1 0 0 0 0 0 0 1 0 0 0 0 0 0 1 1 1
 1 1 0 1 1 0 1 1 1 1 0 1 0 1 1 0 0 1 0 1 1 1 1 0 1 1 1 1 1 1 1 1 1 1 1 1 0
 0 0 0 0 0 0 0 0 0 0 0 0 0 1 0 0 0 1 1 0 0 0 1 0 0 1 1 1 0 0 0 0 0 0 0 0 0
 0 0 0 0 1 0 0 0 1 1 1 1 0 0 0 1 0 0 1 1 1 0 1 1 1 1 0 1 0 0 0 0 0 0 0 0 0
 0 1 0 1 0 0 0 0 0 0 0 0 0 0 0 0 0 0 0 0 0]
-0.42708348387606065 (1178.9330422878265)
[1 1 1 1 1 0 1 1 1 0 1 1 1 0 1 1 1 0 1 1 1 0 1 0 1 1 1 1 1 0 1 0 1 0 1 1 0
 0 0 1 0 0 0 0 1 0 0 0 0 0 0 0 0 1 1 0 0 1 1 1 0 1 1 0 0 0 1 1 0 1 1 1 0 0
 0 0 0 1 0 0 1 1 1 0 1 1 0 1 1 0 1 1 1 1 1 1 1 1 1 0 1 0 1 1 0 1 1 1 1 0 1
 0 1 1 1 0 1 1 1 0 1 1 1 0 1 1 1 1 1 1 1 1 1 1 1 1 1 1 1 0 1 1 1 1 1 1 1 1
 1 1 0 1 1 1 1 1 1 1 0 1 1 0 0 0 1 0 0 0 0 0 0 0 0 0 0 0 0 0 1 0 1 0 1 0 1
 1 1 1 0 1 1 1 1 1 1 0 1 1 1 1 1 1 1 0 1 1 1 1 1 1 1 1 1 1 1 1 1 1 1 1 1 1
 1 1 1 0 0 1 0 0 1 0 0 0 0 0 0 0 0 0 0 0 0 0 0 0 0 1 0 1 1 0 0 0 0 0 0 0 0
 0 0 1 1 0 1 1 0 1 0 1 0 0 0 0 0 0 0 0 1 1 1 0 1 1 1 1 1 1 1 1 0 0 1 1 1 1
 1 1 1 1 1 1 1 0 1 1 0 1 1 1 1 1 1 1 1 1 1 0 0 0 0 0 0 1 0 0 0 0 0 0 1 1 1
 1 1 1 1 1 0 1 1 1 1 0 1 0 0 1 0 0 1 0 1 1 1 1 0 1 1 1 1 1 1 1 1 1 1 1 1 0
 0 0 0 0 0 0 0 0 0 0 0 0 0 1 0 0 0 1 1 0 0 0 1 0 0 1 1 1 0 0 0 0 0 0 0 0 0
 0 0 0 0 1 0 0 0 1 1 1 1 0 0 0 0 0 0 1 1 1 0 1 1 1 1 0 1 1 0 0 0 0 0 0 0 0
 0 0 0 0 0 0 0 0 0 0 0 0 0 0 0 0 0 0 0 0 0]
-0.4245869047474571 (1183.8558220863342)
[1 1 1 1 1 0 1 1 1 0 1 1 1 1 1 1 1 1 1 1 1 0 1 0 1 1 1 1 1 0 1 0 1 0 1 1 0
 0 0 1 0 0 0 0 1 0 0 0 0 0 0 0 0 1 1 0 0 1 1 1 0 1 1 0 0 0 1 1 0 1 1 1 0 0
 0 0 0 1 0 0 1 1 1 0 1 1 1 1 1 0 1 1 1 1 1 1 1 1 1 1 1 0 1 1 0 1 1 1 1 0 1
 0 1 1 1 0 1 1 1 1 1 1 1 0 1 1 1 1 1 1 1 1 1 1 1 1 1 1 1 0 1 1 1 1 1 1 1 1
 1 1 0 1 1 1 1 1 1 1 0 1 1 0 0 0 1 0 0 0 0 0 0 0 0 0 0 0 0 0 1 0 1 0 1 0 1
 1 1 1 0 1 1 1 1 1 1 0 1 1 1 1 1 1 1 0 1 1 1 1 1 1 1 1 1 1 1 1 1 1 1 1 1 1
 1 1 1 0 0 1 0 0 1 0 0 0 0 0 0 0 0 0 0 0 0 0 0 0 0 1 0 1 1 0 0 0 0 0 0 0 0
 0 0 1 1 0 1 1 0 1 0 1 0 0 0 0 0 0 0 0 1 1 1 0 1 1 1 1 1 1 1 1 0 0 1 1 1 1
 1 1 1 1 1 1 1 0 1 1 0 1 1 1 1 1 1 1 1 1 1 0 0 0 0 0 0 1 0 0 0 0 0 0 1 1 1
 1 1 1 1 1 0 1 1 1 1 0 1 0 0 1 0 0 1 0 1 1 1 1 0 1 1 1 1 1 1 1 1 1 1 1 1 0
 0 0 0 0 0 0 0 0 0 0 0 0 0 1 0 0 0 1 1 0 0 0 1 0 0 1 1 1 0 0 0 0 0 0 0 0 0
 0 0 0 0 1 0 0 0 1 1 1 1 0 0 0 0 0 0 1 1 1 0 1 1 1 1 0 1 0 0 0 0 0 0 0 0 0
 0 1 0 0 0 0 0 0 0 0 0 0 0 1 0 0 0 0 0 0 0]
-0.3861635580606162 (1193.2914791107178)
[1 1 1 1 1 1 1 1 1 1 1 1 1 0 1 1 1 1 1 1 1 0 1 1 1 1 1 1 0 0 1 1 1 0 1 1 0
 0 0 0 0 0 1 0 1 0 0 0 0 0 0 0 0 1 1 1 0 1 1 1 0 1 1 0 0 0 1 1 0 1 1 1 0 0
 0 0 0 1 0 0 1 1 1 0 1 1 0 1 1 0 1 1 1 1 0 1 1 1 1 1 1 0 1 1 0 1 1 1 1 0 1
 0 1 1 1 1 1 1 1 0 1 1 1 1 1 1 1 1 1 1 1 1 1 1 1 1 1 1 1 1 1 1 1 1 1 1 1 1
 1 1 0 1 1 1 1 1 1 1 1 1 1 0 0 0 1 0 0 0 0 0 0 0 0 0 0 0 0 0 0 0 1 0 1 0 1
 1 1 1 0 1 1 1 1 1 1 0 1 1 1 1 1 1 1 0 1 1 1 1 1 1 1 1 1 1 1 1 1 1 1 1 1 1
 1 1 1 0 0 1 0 0 1 0 1 0 0 0 0 0 0 0 0 0 0 0 0 0 0 1 0 1 1 0 0 0 0 0 0 0 0
 0 0 1 1 0 0 1 0 1 0 1 0 0 0 0 0 0 0 0 1 1 1 0 1 1 1 1 1 1 1 1 0 0 1 1 1 1
 1 1 1 1 1 1 1 0 1 1 0 1 1 1 1 1 1 1 1 1 1 0 0 0 0 0 0 1 0 0 0 0 0 0 1 1 1
 1 1 1 1 1 0 1 1 1 1 0 1 0 0 1 0 0 1 0 1 1 1 1 0 1 1 1 1 1 1 1 1 1 1 1 1 0
 0 0 0 0 0 0 0 0 0 0 0 0 0 1 0 0 0 1 1 0 0 0 1 0 0 1 1 1 0 0 0 0 0 0 0 0 0
 0 0 0 0 1 0 0 0 1 1 1 1 0 0 0 0 0 0 1 1 1 0 1 1 1 1 0 1 0 0 0 1 0 0 0 0 0
 0 0 0 0 0 0 0 0 1 0 0 0 0 0 0 0 0 0 0 0 0]
-0.35862808973524807 (1242.4467241764069)
[1 1 1 1 1 1 1 1 1 1 1 1 1 1 1 1 1 1 1 1 1 0 1 1 1 1 1 1 0 0 1 1 1 0 1 1 0
 0 0 0 0 0 1 0 1 0 0 0 0 0 0 0 0 1 1 1 0 1 1 1 0 1 1 0 0 0 1 1 0 1 1 1 0 0
 0 0 0 1 0 0 1 1 1 0 1 1 0 1 1 0 1 1 1 1 0 1 1 1 1 1 1 0 1 1 0 1 1 1 1 0 1
 0 1 1 1 1 1 1 1 0 1 1 1 1 1 1 1 1 1 1 1 1 1 1 1 1 1 1 1 1 1 1 1 1 1 1 1 1
 1 1 0 1 1 1 1 1 1 1 1 1 1 0 0 0 1 0 0 0 0 0 0 0 0 0 0 0 0 0 0 0 1 0 1 0 1
 1 1 1 0 1 1 1 1 1 1 0 1 1 1 1 1 1 1 0 1 1 1 1 1 1 1 1 1 1 1 1 1 1 1 1 1 1
 1 1 1 0 0 1 0 0 1 0 1 0 0 0 0 0 0 0 0 0 0 0 0 0 0 1 0 1 1 0 0 0 0 0 0 0 0
 0 0 1 1 0 0 1 0 1 0 1 0 0 0 0 0 0 0 0 1 1 1 0 1 1 1 1 1 1 1 1 0 0 1 1 1 1
 1 1 1 1 1 1 1 0 1 1 0 1 1 1 1 1 1 1 1 1 1 0 0 0 0 0 0 1 0 0 0 0 0 0 1 1 1
 1 1 1 1 1 0 1 1 1 1 0 1 0 0 1 0 0 1 0 1 1 1 1 0 1 1 1 1 1 1 1 1 1 1 1 1 0
 0 0 0 0 0 0 0 0 0 0 0 0 0 1 0 0 0 1 1 0 0 0 1 0 0 1 1 1 0 0 0 0 0 0 0 0 0
 0 0 0 0 1 0 0 0 1 1 1 1 0 0 0 0 0 0 1 1 1 0 1 1 1 1 0 1 0 0 0 1 0 0 0 1 0
 0 0 0 0 0 0 0 0 0 0 0 0 0 0 0 0 0 0 0 0 0]
-0.353102927737325 (1306.326504945755)
[1 1 1 1 1 1 1 1 1 1 1 1 1 1 1 1 1 1 1 1 1 0 1 1 1 1 1 1 0 0 1 1 1 0 1 1 0
 0 0 0 0 0 1 0 1 0 0 0 0 0 0 0 0 1 1 1 0 1 1 1 0 1 1 0 0 0 1 1 0 1 1 1 0 0
 0 0 0 1 0 0 1 1 1 0 1 1 0 1 1 0 1 1 1 1 0 1 1 1 1 1 1 0 1 1 0 1 1 1 1 0 1
 0 1 1 1 1 1 1 1 0 1 1 1 1 1 1 0 1 1 1 1 1 1 1 1 1 1 1 1 1 1 1 1 1 1 1 1 1
 1 1 0 1 1 1 1 1 1 1 1 1 1 0 0 0 1 0 0 0 0 0 0 0 0 0 0 0 0 0 1 0 1 0 1 0 1
 1 1 1 0 1 1 1 1 1 1 0 1 1 1 1 1 1 1 1 1 1 1 1 1 1 1 1 1 1 1 1 1 1 1 1 1 1
 1 1 1 0 0 1 0 0 1 0 1 0 0 0 0 0 0 0 0 0 0 0 0 0 0 1 0 1 1 0 0 0 0 0 0 0 0
 0 0 1 1 0 1 1 0 1 0 1 0 0 0 0 0 0 0 0 1 1 1 0 1 1 1 1 1 1 1 1 0 0 1 1 1 1
 1 1 1 1 1 1 1 0 1 1 0 1 1 1 1 1 1 1 1 1 1 0 0 0 0 0 0 1 0 0 0 0 1 0 1 1 1
 1 1 1 1 1 0 1 1 1 1 0 1 0 0 1 0 0 1 0 1 1 1 1 0 1 1 1 1 1 1 1 1 1 1 1 1 0
 0 0 0 0 0 0 0 0 0 0 0 0 0 1 0 0 0 1 1 0 0 0 1 0 0 1 1 1 0 0 0 0 0 0 0 0 0
 0 0 0 0 1 0 0 0 1 1 1 1 0 0 0 0 0 0 1 1 1 0 1 1 1 1 0 1 0 1 0 0 0 0 0 0 0
 0 1 0 0 0 0 0 0 0 0 0 0 0 0 0 0 0 0 0 0 0]
-0.33927594175622744 (1322.8025143146515)
[1 1 1 1 1 1 1 1 1 1 1 1 1 1 1 1 1 1 1 1 1 0 1 1 1 1 1 1 1 0 1 1 1 0 1 1 0
 0 0 0 0 0 1 0 1 0 0 0 0 0 0 0 0 0 1 1 0 1 1 1 0 1 1 0 0 0 1 1 0 1 1 1 0 0
 0 0 0 1 0 0 1 1 1 0 1 1 1 1 1 0 1 1 1 1 0 1 1 1 1 1 1 0 1 1 1 1 1 1 1 0 1
 0 1 1 1 1 1 1 1 0 1 1 1 1 1 1 0 1 1 1 1 1 1 1 1 1 1 1 1 1 1 1 1 1 1 1 1 1
 1 1 0 1 1 1 1 1 1 1 1 1 1 0 0 0 1 0 0 0 0 0 0 0 0 0 0 0 0 0 1 0 1 0 1 0 1
 1 1 1 0 1 1 1 1 1 1 0 1 1 1 1 1 1 1 1 1 1 1 1 1 1 1 1 1 1 1 1 1 1 1 1 1 1
 1 1 1 0 0 1 0 0 1 0 1 0 0 0 0 0 0 0 0 0 0 0 0 0 0 1 0 1 1 0 0 0 0 0 0 0 0
 0 0 1 1 0 1 1 0 1 0 1 0 0 0 0 0 0 0 0 1 1 1 0 1 1 1 1 1 1 1 1 0 0 1 1 1 1
 1 1 1 1 1 1 1 0 1 1 0 1 1 1 1 1 1 1 0 1 1 0 0 0 0 0 0 1 0 0 0 0 1 0 1 1 1
 1 1 1 1 1 0 1 1 1 1 0 1 0 0 1 0 0 1 0 1 1 1 1 0 1 1 1 1 1 1 1 1 1 1 1 1 0
 0 0 0 0 0 0 0 0 0 0 0 0 0 1 0 0 0 1 1 0 0 0 1 0 0 1 1 1 0 0 0 0 0 0 0 0 0
 0 0 0 0 1 0 0 0 1 1 1 1 0 0 0 0 0 0 1 1 1 0 1 1 1 1 0 1 0 0 0 0 0 1 0 0 0
 1 0 0 0 0 0 0 0 0 0 0 0 0 0 0 0 0 0 0 0 0]
-0.32502857244810457 (1340.567143201828)
[1 1 1 1 1 1 1 1 1 1 1 1 1 1 1 1 1 1 1 1 1 0 1 1 1 1 1 1 1 0 1 1 1 0 1 1 0
 0 0 0 0 0 1 0 1 0 0 0 0 0 0 0 0 0 0 1 0 1 1 1 0 1 1 0 0 0 1 1 0 1 1 1 0 0
 0 0 0 1 0 0 1 1 1 0 1 1 1 1 1 0 1 1 1 1 0 1 1 1 1 1 1 0 1 1 1 1 1 1 1 0 1
 0 1 1 1 1 1 1 1 0 1 1 1 1 1 1 0 1 1 1 1 1 1 1 1 1 1 1 1 1 1 1 1 1 1 1 1 1
 1 1 0 1 1 1 1 1 1 1 1 1 1 0 0 0 1 0 0 0 0 0 0 0 0 0 0 0 0 0 1 0 1 0 1 0 1
 1 1 1 0 1 1 1 1 1 1 0 1 1 1 1 1 1 1 1 1 1 1 1 1 1 1 1 1 1 1 1 1 1 1 1 1 1
 1 1 1 0 0 1 0 0 1 0 1 0 0 0 0 0 0 0 0 0 0 0 0 0 0 1 0 1 1 0 0 0 0 0 0 0 0
 0 0 1 1 0 1 1 0 1 0 1 0 0 0 0 0 0 0 0 1 1 1 0 1 1 1 1 1 1 1 1 0 0 1 1 1 1
 1 1 1 1 1 1 1 0 1 1 0 1 1 1 1 1 1 1 0 1 1 0 0 0 0 0 0 1 0 0 0 0 1 0 1 1 1
 1 1 1 1 1 0 1 1 1 1 0 1 0 0 1 0 0 1 0 1 1 1 1 0 1 1 1 1 1 1 1 1 1 1 1 1 0
 0 0 0 0 0 0 0 0 0 0 0 0 0 1 0 0 0 1 1 0 0 0 1 0 0 1 1 1 0 0 0 0 0 0 0 0 0
 0 0 0 0 1 0 0 0 1 1 1 1 0 0 0 0 0 0 1 1 1 0 1 1 1 1 0 1 0 0 0 0 0 0 0 0 0
 1 0 0 0 0 0 0 0 0 0 0 0 0 0 0 0 0 0 0 0 0]
-0.3173591935922673 (1402.4352362155914)
[1 1 1 1 1 1 1 1 1 0 1 1 1 1 1 1 1 1 1 1 1 0 1 1 1 1 1 1 0 0 1 1 1 0 1 1 0
 0 0 1 1 0 1 1 1 0 0 0 0 0 1 0 0 1 1 1 0 1 1 1 0 1 1 0 0 0 1 1 0 1 1 1 0 0
 0 0 0 1 0 0 1 1 1 0 1 1 1 1 1 0 1 1 1 1 0 1 1 1 1 1 1 1 1 1 0 1 1 1 1 0 1
 0 1 1 1 1 1 1 1 0 1 1 1 1 1 1 1 1 1 1 1 1 1 1 1 1 1 1 1 1 1 1 1 1 1 1 1 1
 1 1 0 1 1 1 1 1 1 1 1 1 1 0 0 0 1 0 0 0 0 0 0 0 0 0 0 0 0 0 0 0 1 0 1 0 1
 1 1 1 0 1 1 1 1 1 1 0 1 1 1 1 1 1 1 0 1 1 1 1 1 1 1 1 1 1 1 1 1 1 1 1 1 1
 1 1 1 0 0 1 0 0 1 0 1 0 0 0 0 0 0 0 0 0 0 0 0 0 0 1 0 1 1 0 0 0 0 0 0 0 0
 0 0 1 1 0 0 1 0 1 0 1 0 0 0 0 0 0 0 0 1 1 1 0 1 1 1 1 1 1 1 1 0 0 1 1 1 1
 1 1 1 1 1 1 1 0 1 1 1 1 1 1 1 1 1 1 1 1 1 0 0 0 0 0 0 1 0 0 0 0 0 0 1 1 1
 1 1 1 1 1 0 1 1 1 1 0 1 1 0 1 0 0 1 0 1 1 1 1 0 1 1 1 1 1 1 1 1 1 1 1 1 0
 0 0 0 0 0 0 0 0 0 0 0 0 0 1 0 0 0 1 1 0 0 0 1 0 0 1 1 1 0 0 0 0 0 0 0 0 0
 0 0 0 0 1 0 0 0 1 1 1 1 0 0 0 0 0 0 1 1 1 0 1 1 1 1 0 1 0 0 0 0 0 0 0 0 0
 0 0 0 0 0 0 0 0 0 1 1 0 0 0 0 0 0 0 0 0 0]
-0.2681504450857801 (1434.4551439285278)
[1 1 1 1 1 1 1 1 1 1 1 1 1 0 1 1 1 1 1 1 1 1 1 1 1 1 1 1 0 0 1 1 1 0 1 1 0
 0 0 1 1 0 1 1 1 0 0 0 0 0 1 0 0 1 1 1 0 1 1 1 0 1 1 0 0 0 1 1 0 1 1 1 0 0
 0 0 0 1 0 0 1 1 1 0 1 1 0 1 1 1 1 1 1 1 0 1 1 1 1 1 1 1 1 1 0 1 1 1 1 0 1
 0 1 1 0 1 1 1 1 0 1 1 1 1 1 1 1 1 1 1 1 1 1 1 1 1 1 1 1 1 1 1 1 1 1 1 1 1
 1 1 0 1 1 1 1 1 1 1 1 1 1 0 0 0 1 0 0 0 0 0 0 0 0 0 0 0 0 0 0 0 1 0 1 1 1
 1 1 1 0 1 1 1 1 1 1 0 1 1 1 1 1 1 1 0 1 1 1 1 1 1 1 1 1 1 1 1 1 1 1 1 1 1
 1 1 1 0 0 1 0 0 1 0 1 0 0 0 0 0 0 0 0 1 0 0 0 0 0 1 0 1 1 0 0 0 0 0 0 0 0
 0 0 0 1 0 0 1 0 1 0 1 0 0 0 0 0 0 0 0 1 1 1 0 1 1 1 1 1 1 1 1 0 1 1 1 1 1
 1 1 1 1 1 1 1 0 1 1 0 0 1 1 1 1 1 1 1 1 1 1 0 0 0 0 0 1 0 0 0 0 0 0 1 1 1
 1 1 1 1 1 0 1 1 1 1 0 1 0 0 1 0 0 1 0 1 1 1 1 0 1 1 1 1 1 1 1 1 1 1 1 1 0
 0 0 0 0 0 0 0 0 0 0 0 0 0 1 0 0 0 1 1 0 0 0 1 0 0 1 1 1 0 0 0 0 0 0 0 1 0
 0 0 0 0 1 0 0 0 1 1 1 1 0 0 0 0 0 0 1 1 1 0 1 1 1 1 0 1 0 1 0 0 0 0 0 0 0
 0 0 0 0 0 0 0 0 0 0 0 0 1 0 0 0 0 0 0 0 0]
-0.2518880126370959 (1483.7235980033875)
[1 1 1 1 1 1 1 1 1 1 1 1 1 0 1 1 1 1 1 1 1 1 1 1 1 1 1 1 0 0 1 1 1 0 1 1 0
 0 0 1 1 0 1 1 1 0 0 0 0 0 1 0 0 1 1 1 0 1 1 1 0 1 1 0 0 0 1 1 0 1 1 1 0 0
 0 0 0 1 0 0 1 1 1 0 1 1 1 1 1 1 1 1 1 1 0 1 1 1 1 1 1 1 1 1 0 1 1 1 1 0 1
 0 1 1 0 1 1 1 1 0 1 1 1 1 1 1 1 1 1 1 1 1 1 1 1 1 1 1 1 1 1 1 1 1 1 1 1 1
 1 1 0 1 1 1 1 1 1 1 1 1 1 0 0 0 1 0 0 0 0 0 0 0 0 0 0 0 0 0 0 0 1 0 1 1 1
 1 1 1 0 1 1 1 1 1 1 0 1 1 1 1 1 1 1 0 1 1 1 1 1 1 1 1 1 1 1 1 1 1 1 1 1 1
 1 1 1 0 0 1 0 0 1 0 1 0 0 0 0 0 0 0 0 1 0 0 0 0 0 1 0 1 1 0 0 0 0 0 0 0 0
 0 0 0 1 0 0 1 0 1 0 1 0 0 0 0 0 0 0 0 1 1 1 0 1 1 1 1 1 1 1 1 0 1 1 1 1 1
 1 1 1 1 1 1 1 0 1 1 0 1 1 1 1 1 1 1 1 1 1 1 0 0 0 0 0 1 0 0 0 0 0 0 1 1 1
 1 1 1 1 1 0 1 1 1 1 0 1 0 0 1 0 0 1 0 1 1 1 1 0 1 1 1 1 1 1 1 1 1 1 1 1 0
 0 0 0 0 0 0 0 0 0 0 0 0 0 1 0 0 0 1 1 0 0 0 1 0 0 1 1 1 0 0 0 0 0 0 0 0 0
 0 0 0 0 1 0 0 0 1 1 1 1 0 0 0 0 0 0 1 1 1 0 1 1 1 1 0 1 0 1 0 0 0 0 0 0 0
 0 0 0 0 0 0 0 0 0 0 0 0 1 0 0 0 0 0 0 0 0]
-0.24025442011486575 (1483.7344691753387)
[1 1 1 1 1 1 1 1 1 1 1 1 1 0 1 1 1 0 1 1 1 1 1 1 1 1 1 1 0 0 1 1 1 0 1 1 0
 0 0 1 1 0 1 1 1 0 0 0 0 0 1 0 0 1 1 1 0 1 1 1 0 1 1 0 0 0 1 1 0 1 1 1 0 0
 0 0 0 1 0 0 1 1 1 0 1 1 1 1 1 1 1 1 1 1 1 1 1 1 1 1 1 1 1 1 0 1 1 1 1 0 1
 0 1 1 0 1 1 1 1 0 1 1 1 1 1 1 1 1 1 0 1 1 1 1 1 1 1 1 1 1 1 1 1 1 1 1 1 1
 1 1 0 1 1 1 1 1 1 1 1 1 1 0 0 0 1 0 0 1 0 0 0 0 0 0 0 0 0 0 0 0 1 0 1 1 1
 1 1 1 0 1 1 1 1 1 1 0 1 1 1 1 1 1 1 1 1 1 1 1 1 1 1 1 1 1 1 1 1 1 1 1 1 1
 1 1 1 0 0 1 0 0 1 0 1 0 0 0 0 0 1 0 0 1 0 0 0 0 1 1 0 1 1 0 0 0 0 0 0 1 0
 0 0 0 1 0 1 1 0 1 0 1 0 0 0 0 0 1 0 0 1 1 1 0 1 1 1 1 1 1 1 1 0 1 1 1 1 1
 1 1 1 1 1 1 1 0 1 1 0 1 1 1 1 1 1 1 1 1 1 1 0 0 0 0 0 1 0 0 0 0 0 0 1 1 1
 1 1 1 1 1 0 1 1 1 1 1 1 0 0 1 0 0 1 0 1 1 1 1 0 1 1 1 1 1 1 1 1 1 1 1 1 0
 0 0 0 0 0 0 0 0 1 0 0 0 0 1 0 0 1 1 1 0 0 0 1 0 0 1 1 1 0 0 1 0 0 1 0 1 0
 0 0 0 1 1 0 0 0 1 1 1 1 0 0 0 0 1 0 1 1 1 0 1 1 1 1 0 1 0 0 1 0 0 0 0 0 0
 0 0 0 0 0 0 0 0 0 0 1 0 0 0 0 0 0 0 0 0 0]
-0.19368386043493047 (1612.3191270828247)
[1 1 1 1 1 1 1 1 1 1 1 1 1 0 1 1 1 0 1 1 1 1 1 1 1 1 1 1 1 0 1 1 1 0 1 1 0
 0 0 1 1 0 1 1 1 0 0 0 0 0 1 0 0 1 1 1 0 1 1 1 0 1 1 0 0 0 1 1 0 1 1 1 0 0
 0 0 0 1 0 0 1 1 1 0 1 1 1 1 1 1 1 1 1 1 1 1 1 1 1 1 1 1 1 1 0 1 1 1 1 0 1
 0 1 1 0 1 1 1 1 0 1 1 1 1 1 1 1 1 1 0 1 1 1 1 1 1 1 1 1 1 1 1 1 0 1 1 1 1
 1 1 0 1 1 1 1 1 1 1 1 0 1 0 0 0 1 0 0 1 0 0 0 0 0 0 0 0 0 0 0 0 1 0 1 1 1
 1 1 1 0 1 1 1 1 1 1 0 1 1 1 1 1 1 1 1 1 1 1 1 1 1 1 1 1 1 1 1 1 1 1 1 1 1
 1 1 1 0 0 1 0 0 1 0 1 0 0 0 0 0 1 0 0 1 0 0 0 0 1 1 0 1 1 0 0 0 0 0 0 1 0
 0 0 0 1 0 1 1 0 1 0 1 0 0 0 0 0 1 0 0 1 1 1 0 1 1 1 1 1 1 1 1 0 1 1 1 1 1
 1 1 1 1 1 1 1 0 1 1 0 1 1 1 1 1 1 1 1 1 1 1 0 0 0 0 0 1 0 0 0 0 0 0 1 1 1
 1 1 1 1 1 0 1 1 1 1 1 1 0 0 1 0 0 1 0 1 1 1 1 0 1 1 1 1 1 1 1 1 1 1 1 1 0
 0 0 0 0 0 0 0 0 1 0 0 0 0 1 0 0 1 1 1 0 0 0 1 0 0 1 1 1 0 0 1 0 0 1 0 1 0
 0 0 0 1 1 0 0 0 1 1 1 1 0 0 0 0 1 0 1 1 1 0 1 1 1 1 0 1 0 0 0 1 0 0 0 0 0
 0 0 0 0 0 0 0 0 0 0 0 0 0 0 0 0 0 0 0 1 0]
-0.19316548513302223 (1699.33647108078)
[1 1 1 1 1 1 1 1 1 1 1 1 1 0 1 1 1 0 1 1 1 1 1 1 1 1 1 1 1 0 1 1 1 0 1 1 0
 0 0 1 1 0 1 1 1 0 0 0 0 0 1 0 0 1 1 1 0 1 1 1 0 1 1 0 0 0 1 1 0 1 1 1 0 0
 0 0 0 1 0 0 1 1 1 0 1 1 1 1 1 1 1 1 1 1 1 1 1 1 1 1 1 1 1 1 0 1 1 1 1 0 1
 0 1 1 0 1 1 1 1 0 1 1 1 1 1 1 1 1 1 0 1 1 1 1 1 1 1 1 1 1 1 1 1 1 1 1 1 1
 1 1 0 1 1 1 1 1 1 1 1 1 1 0 0 0 1 0 0 1 0 0 0 0 0 0 0 0 0 0 0 0 1 0 1 1 1
 1 1 1 0 1 1 1 1 1 1 0 1 1 1 1 1 1 1 1 1 1 1 1 1 1 1 1 1 1 1 1 1 1 1 1 1 1
 1 1 1 0 0 1 0 0 1 0 1 0 0 0 0 0 1 0 0 1 0 0 0 0 1 1 0 1 1 0 0 0 0 0 0 1 0
 0 0 0 1 0 1 1 0 1 0 1 0 0 0 0 0 1 0 0 1 1 1 0 1 1 1 1 1 1 1 1 0 1 1 1 1 1
 1 1 1 1 1 1 1 0 1 1 0 1 1 1 1 1 1 1 1 1 1 1 0 0 0 0 0 1 0 0 0 0 0 0 1 1 1
 1 1 1 1 1 0 1 1 1 1 1 1 0 0 1 0 0 1 0 1 1 1 1 0 1 1 1 1 1 1 1 1 1 1 1 1 0
 0 0 0 0 0 0 0 0 1 0 0 0 0 1 0 0 1 1 1 0 0 0 1 0 0 1 1 1 0 0 1 0 0 1 0 1 0
 0 0 0 1 1 0 0 0 1 1 1 1 0 0 0 0 1 0 1 1 1 0 1 1 1 1 0 1 0 0 0 1 0 0 0 0 0
 0 0 0 0 0 0 0 0 0 0 0 0 0 0 0 0 0 0 0 1 0]
-0.18836707750682535 (1699.3379430770874)
[1 1 1 1 1 1 1 1 1 1 1 1 1 0 1 1 1 0 1 1 1 1 1 1 1 1 1 1 1 0 1 1 1 0 1 1 0
 0 0 1 1 0 1 1 1 0 0 0 0 0 1 0 0 1 1 1 0 1 1 1 0 1 1 0 0 0 1 1 0 1 1 1 0 0
 0 0 0 1 0 0 1 1 1 0 1 1 1 1 1 1 1 1 1 1 1 1 1 1 1 1 1 1 1 1 0 1 1 1 1 0 1
 0 1 1 0 1 1 1 1 0 1 1 1 1 1 1 1 1 1 0 1 1 1 1 1 1 1 1 1 1 1 1 1 1 1 1 1 1
 1 1 0 1 1 1 1 1 1 1 1 1 1 0 0 0 1 0 0 1 0 0 0 0 0 0 0 0 0 0 0 0 1 0 1 1 1
 1 1 1 0 1 1 1 1 1 1 0 1 1 1 1 1 1 1 1 1 1 1 1 1 1 1 1 1 1 1 1 1 1 1 1 1 1
 1 1 1 0 0 1 0 0 1 0 1 0 0 0 0 0 1 0 0 1 0 0 0 0 1 1 0 1 1 0 0 0 0 0 0 1 0
 0 0 0 1 0 1 1 0 1 0 1 0 0 0 0 0 1 0 0 1 1 1 0 1 1 1 1 1 1 1 1 1 1 1 1 1 1
 1 1 1 1 1 1 1 0 1 1 0 1 1 1 1 1 1 1 1 1 1 1 0 0 0 0 0 1 0 0 0 0 0 0 1 1 1
 1 1 1 1 1 0 1 1 1 1 1 1 0 0 1 0 0 1 0 1 1 1 1 0 1 1 1 1 1 1 1 1 1 1 1 1 0
 0 0 0 0 0 0 0 0 1 0 0 0 0 1 0 0 1 1 1 0 0 0 1 0 0 1 1 1 0 0 1 0 0 1 0 1 0
 0 0 0 1 1 0 0 0 1 1 1 1 0 0 0 0 1 0 1 1 1 0 1 1 1 1 0 1 0 0 0 1 0 0 0 0 0
 0 0 0 0 0 0 0 0 0 0 0 0 0 0 0 0 0 0 0 1 0]
-0.18166380172596064 (1699.3613381385803)
[1 1 1 1 1 1 1 1 1 1 1 1 1 0 1 1 1 0 1 1 1 1 1 1 1 1 1 1 1 0 1 1 1 0 1 1 0
 0 0 1 1 0 1 1 1 0 0 0 0 0 1 0 0 1 1 1 0 1 1 1 0 1 1 0 0 0 1 1 0 1 1 1 0 0
 0 0 0 1 0 0 1 1 1 0 1 1 1 1 1 1 1 1 1 1 1 1 1 1 1 1 1 1 1 1 0 1 1 1 1 0 1
 0 1 1 0 1 1 1 1 0 1 1 1 0 1 1 1 1 1 1 1 1 1 1 1 1 1 1 1 1 1 1 1 1 1 1 1 1
 1 1 1 1 1 1 1 1 1 1 1 1 1 0 0 0 1 0 0 1 0 0 0 0 0 0 0 0 0 0 0 0 1 0 1 1 1
 1 1 1 0 1 1 1 1 1 1 0 1 1 1 1 1 1 1 1 1 1 1 1 1 1 1 1 1 1 1 1 1 1 1 1 1 1
 1 1 1 0 0 1 0 0 1 0 1 0 0 0 0 0 1 0 0 1 0 0 0 0 1 1 0 1 1 0 0 0 0 0 0 1 0
 0 0 0 1 0 1 1 0 1 0 1 0 0 0 0 0 1 0 0 1 1 1 0 1 1 1 1 1 1 1 1 1 1 1 1 1 1
 1 1 1 1 1 1 1 0 1 1 0 1 1 1 1 1 1 1 1 1 1 1 0 0 0 0 0 1 0 0 0 0 0 0 1 1 1
 1 1 1 1 1 0 1 1 1 1 1 1 0 0 1 0 0 1 0 1 1 1 1 0 1 1 1 1 1 1 1 1 1 1 1 1 0
 0 0 0 0 0 0 0 0 1 0 0 0 0 1 0 0 1 1 1 0 0 0 1 0 0 1 1 1 0 0 1 0 0 1 0 1 0
 0 0 0 1 1 0 0 0 1 1 1 1 0 0 0 0 1 0 1 1 1 0 1 1 1 1 0 1 0 0 0 1 0 0 0 0 0
 0 0 0 0 0 0 1 0 0 0 0 0 0 0 0 0 0 0 0 0 0]
-0.17473504699592013 (1720.3203420639038)
[1 1 1 1 1 1 1 1 1 1 1 1 1 1 1 1 1 0 1 1 1 1 1 1 1 1 1 1 1 0 1 1 1 0 1 1 0
 0 0 1 1 0 1 1 1 0 0 0 0 0 1 0 0 1 1 1 0 1 1 1 0 1 1 0 0 0 1 1 0 1 1 1 0 0
 0 0 0 1 0 0 1 1 1 0 1 1 1 1 1 1 1 1 1 1 1 1 1 1 1 1 1 1 1 1 0 1 1 1 1 0 1
 0 1 1 0 1 1 1 1 0 1 1 1 1 1 1 1 1 1 0 1 1 1 1 1 1 1 1 1 1 1 1 1 1 1 1 1 1
 1 1 0 1 1 1 1 1 1 1 1 1 1 0 0 0 1 0 0 1 0 0 0 0 0 0 0 0 0 0 0 0 1 0 1 1 1
 1 1 1 0 1 1 1 1 1 1 0 1 1 1 1 1 1 1 1 1 1 1 1 1 1 1 1 1 1 1 1 1 1 1 1 1 1
 1 1 1 0 0 1 0 0 1 0 1 0 0 0 0 0 1 0 0 1 0 0 0 0 1 1 0 1 1 0 0 0 0 0 0 1 0
 0 0 0 1 0 1 1 0 1 0 1 0 0 0 0 0 1 0 0 1 1 1 0 1 1 1 1 1 1 1 1 1 1 1 1 1 1
 1 1 1 1 1 1 1 0 1 1 0 1 1 1 1 1 1 1 1 1 1 1 0 0 0 0 0 1 0 0 0 0 0 0 1 1 1
 1 1 1 1 1 0 1 1 1 1 1 1 0 0 1 0 0 1 0 1 1 1 1 0 1 1 1 1 1 1 1 1 1 1 1 1 0
 0 0 0 0 0 0 0 0 1 0 0 0 0 1 0 0 1 1 1 0 0 0 1 0 0 1 1 1 0 0 1 0 0 1 0 1 0
 0 0 0 1 1 0 0 0 1 1 1 1 0 0 0 0 1 0 1 1 1 0 1 1 1 1 0 1 0 0 0 1 0 0 0 0 0
 0 0 0 0 0 0 0 0 0 0 0 0 0 0 0 0 1 0 0 0 0]
-0.17458388750429776 (1731.3340690135956)
[1 1 1 1 1 1 1 1 1 1 1 1 1 1 1 1 1 0 1 1 0 1 1 1 1 1 1 1 1 0 1 1 1 0 1 1 0
 0 0 1 1 0 1 1 1 0 0 0 0 0 1 0 0 1 1 1 0 1 1 1 0 1 1 0 0 0 1 1 0 1 1 1 0 0
 0 0 0 1 0 0 1 1 1 0 1 1 1 1 1 0 1 1 1 1 0 1 1 1 1 0 1 1 1 1 1 1 1 1 1 0 1
 1 1 1 1 1 1 1 1 0 1 1 1 0 1 1 1 1 1 1 1 1 1 1 1 1 1 1 1 1 1 1 1 1 1 1 1 1
 1 1 1 1 1 1 1 1 1 1 1 1 1 0 0 0 1 0 0 1 0 0 0 0 0 0 0 0 0 0 0 0 1 0 1 0 1
 1 1 1 0 1 1 1 1 1 1 0 1 1 1 1 1 1 1 1 1 1 1 1 1 1 1 1 1 1 1 1 1 1 1 1 1 1
 1 1 1 0 0 1 0 0 1 0 1 0 0 0 0 0 0 0 0 0 0 0 0 0 1 1 0 1 1 0 0 0 0 0 0 1 0
 0 0 1 1 0 1 1 0 1 1 1 0 0 0 0 0 1 0 0 1 1 1 0 1 1 1 1 1 1 1 1 0 1 1 1 1 1
 1 1 1 1 1 1 1 0 1 1 0 1 1 1 1 1 1 1 1 1 1 0 0 0 0 0 0 1 0 0 0 0 0 0 1 1 1
 1 1 1 1 1 0 1 1 1 1 1 1 0 0 1 0 0 1 0 1 1 1 1 0 1 1 1 1 1 1 1 1 1 1 1 1 0
 0 0 0 0 0 0 0 0 0 0 0 0 0 1 0 0 0 1 1 0 0 0 1 0 0 1 1 1 0 0 0 0 0 1 0 1 0
 0 0 0 1 1 0 0 0 1 1 1 1 0 0 0 0 1 0 1 1 1 0 1 1 1 1 0 1 1 0 0 1 0 0 0 0 0
 0 0 0 0 0 0 0 0 0 0 0 0 0 0 0 0 0 0 0 0 0]
-0.16861350122781005 (1757.0634400844574)
[1 1 1 1 1 1 1 1 1 1 1 1 1 0 1 1 1 0 1 1 1 1 1 1 1 1 1 1 1 0 1 1 1 0 1 1 0
 0 0 1 1 0 1 1 1 0 0 0 0 0 1 0 0 1 1 1 0 1 1 1 0 1 1 0 0 0 1 1 0 1 1 1 0 0
 0 0 0 1 0 0 1 1 1 0 1 1 1 1 1 1 1 1 1 1 1 1 1 1 1 1 1 1 1 1 0 1 1 1 1 0 1
 0 1 1 0 1 1 1 1 0 1 1 1 1 1 1 1 1 1 0 1 1 1 1 1 1 1 1 1 1 1 1 1 0 1 1 1 1
 1 1 0 1 1 1 1 1 1 1 1 1 1 0 0 0 1 0 0 1 0 0 0 0 0 0 0 0 0 0 0 0 1 0 1 1 1
 1 1 1 0 1 1 1 1 1 1 0 1 1 1 1 1 1 1 1 1 1 1 1 1 1 1 1 1 1 1 1 1 1 1 1 1 1
 1 1 1 0 0 1 0 0 1 0 1 0 0 0 0 0 1 0 0 1 0 0 0 0 1 1 0 1 1 0 0 0 0 0 0 1 0
 0 0 0 1 0 1 1 0 1 0 1 0 0 0 0 0 1 0 0 1 1 1 0 1 1 1 1 1 1 1 1 0 1 1 1 1 1
 1 1 1 1 1 1 1 0 1 1 0 1 1 1 1 1 1 1 1 1 0 1 0 0 0 0 0 1 0 0 0 0 0 0 1 1 1
 1 1 1 1 1 0 1 1 1 1 1 1 0 0 1 0 0 1 0 1 1 1 1 0 1 1 1 1 1 1 1 1 1 1 1 1 0
 0 0 0 0 0 0 0 0 1 0 0 0 0 1 0 0 1 1 1 0 0 0 1 0 0 1 1 1 0 0 1 0 0 1 0 1 0
 0 0 0 1 1 0 0 0 1 1 1 1 0 0 0 0 1 0 1 1 1 0 1 1 1 1 0 1 0 0 0 0 0 0 0 0 0
 0 0 0 0 0 0 0 1 0 0 0 0 0 0 0 1 0 0 0 0 0]
-0.14756744394389898 (1764.4227330684662)
[1 1 1 1 1 1 1 1 1 1 1 1 1 1 1 1 1 0 1 1 0 1 1 1 1 1 1 1 1 0 1 1 1 0 1 1 0
 0 0 1 1 0 1 1 1 0 0 0 0 0 1 0 0 1 1 1 0 1 1 1 0 1 1 0 0 0 1 1 0 1 1 1 0 0
 0 0 0 1 0 0 1 1 1 0 1 1 1 1 1 0 1 1 1 1 0 1 1 1 1 0 1 1 1 1 1 1 1 1 1 0 1
 1 1 1 1 1 1 1 1 0 1 1 1 0 1 1 1 1 1 1 1 1 1 1 1 1 1 1 1 1 1 1 1 1 1 1 1 1
 1 1 1 1 1 1 1 1 1 1 1 1 1 0 0 0 1 0 0 1 0 0 0 0 0 0 0 0 0 0 0 0 1 0 1 0 1
 1 1 1 0 1 1 1 1 1 1 0 1 1 1 1 1 1 1 1 1 1 1 1 1 1 1 1 1 1 1 1 1 1 1 1 1 1
 1 1 1 0 0 1 0 0 1 0 1 0 0 0 0 0 0 0 0 0 0 0 0 0 1 1 0 1 1 0 0 0 0 0 0 1 0
 0 0 1 1 0 1 1 0 1 1 1 0 0 0 0 0 1 0 0 1 1 1 0 1 1 1 1 1 1 1 1 0 1 1 1 1 1
 1 1 1 1 1 1 1 0 1 1 0 1 1 1 1 1 1 1 1 1 0 0 0 0 0 0 0 1 0 0 0 0 0 0 1 1 1
 1 1 1 1 1 0 1 1 1 1 1 1 0 0 1 0 0 1 0 1 1 1 1 0 1 1 1 1 1 1 1 1 1 1 1 1 0
 0 0 0 0 0 0 0 0 0 0 0 0 0 1 0 0 0 1 1 0 0 0 1 0 0 1 1 1 0 0 0 0 0 1 0 1 0
 0 0 0 1 1 0 0 0 1 1 1 1 0 0 0 0 1 0 1 1 1 0 1 1 1 1 0 1 0 0 0 0 0 0 0 0 0
 0 0 0 0 0 0 0 1 0 0 0 0 0 0 0 1 0 0 0 0 0]
-0.13996743350924135 (1764.4685020446777)
[1 1 1 1 1 1 1 1 1 1 1 1 1 0 1 1 1 0 1 1 1 1 1 1 1 1 1 1 1 0 1 1 1 0 1 1 0
 0 0 1 1 0 1 1 1 0 0 0 0 0 1 0 0 1 1 1 0 1 1 1 0 1 1 0 0 0 1 1 0 1 1 1 0 0
 0 0 0 1 0 0 1 1 1 0 1 1 1 1 1 1 1 1 1 1 1 1 1 1 1 1 1 1 1 1 0 1 1 1 1 0 1
 0 1 1 0 1 1 1 1 0 1 1 1 0 1 1 1 1 1 1 1 1 1 1 1 1 1 1 1 1 1 1 1 1 1 1 1 1
 1 1 1 1 1 1 1 1 1 1 1 1 1 0 0 0 1 0 0 1 0 0 0 0 0 0 0 0 0 0 0 0 1 0 1 1 1
 1 1 1 0 1 1 1 1 1 1 0 1 1 1 1 1 1 1 1 1 1 1 1 1 1 1 1 1 1 1 1 1 1 1 1 1 1
 1 1 1 0 0 1 0 0 1 0 1 0 0 0 0 0 1 0 0 1 0 0 0 0 1 1 0 1 1 0 0 0 0 0 0 1 0
 0 0 0 1 0 1 1 0 1 0 1 0 0 0 0 0 1 0 0 1 1 1 0 1 1 1 1 1 1 1 1 1 1 1 1 1 1
 1 1 1 1 1 1 1 0 1 1 0 1 1 1 1 1 1 1 1 1 0 1 0 0 0 0 0 1 0 0 0 0 0 0 1 1 1
 1 1 1 1 1 0 1 1 1 1 1 1 0 0 1 0 0 1 0 1 1 1 1 0 1 1 1 1 1 1 1 1 1 1 1 1 0
 0 0 0 0 0 0 0 0 1 0 0 0 0 1 0 0 1 1 1 0 0 0 1 0 0 1 1 1 0 0 1 0 0 1 0 1 0
 0 0 0 1 1 0 0 0 1 1 1 1 0 0 1 0 1 0 1 1 1 0 1 1 1 1 0 1 0 0 0 0 0 0 0 0 0
 0 0 0 0 0 0 0 1 0 0 0 0 0 0 0 1 0 0 0 0 0]
-0.13381634688619215 (1764.5170669555664)
[1 1 1 1 1 1 1 1 1 1 1 1 1 0 1 1 1 0 1 1 1 1 1 1 1 1 1 1 1 0 1 1 1 0 1 1 0
 0 0 1 1 0 1 1 1 0 0 0 0 0 1 0 0 1 1 1 0 1 1 1 0 1 1 0 0 0 1 1 0 1 1 1 0 0
 0 0 0 1 0 0 1 1 1 0 1 1 1 1 1 1 1 1 1 1 1 1 1 1 1 1 1 1 1 1 0 1 1 1 1 0 1
 0 1 1 0 1 1 1 1 0 1 1 1 0 1 1 1 1 1 1 1 1 1 1 1 1 1 1 1 1 1 1 1 1 1 1 1 1
 1 1 1 1 1 1 1 1 1 1 1 1 1 0 0 0 1 0 0 1 0 0 0 0 0 0 0 0 0 0 0 0 1 0 1 1 1
 1 1 1 0 1 1 1 1 1 1 0 1 1 1 1 1 1 1 1 1 1 1 1 1 1 1 1 1 1 1 1 1 1 1 1 1 1
 1 1 1 0 0 1 0 0 1 0 1 0 0 0 0 0 1 0 0 1 0 0 0 0 1 1 0 1 1 0 0 0 0 0 0 1 0
 0 1 0 1 0 1 1 0 1 0 1 0 0 0 0 0 1 0 0 1 1 1 0 1 1 1 1 1 1 1 1 1 1 1 1 1 1
 1 1 1 1 1 1 1 0 1 1 0 1 1 1 1 1 1 1 1 1 0 1 0 0 0 0 0 1 0 0 0 0 0 0 1 1 1
 1 1 1 1 1 0 1 1 1 1 1 1 0 0 1 0 0 1 0 1 1 1 1 0 1 1 1 1 1 1 1 1 1 1 1 1 0
 0 0 0 0 0 0 0 0 1 0 0 0 0 1 0 0 1 1 1 0 0 0 1 0 0 1 1 1 0 0 1 0 0 1 0 1 0
 0 0 0 1 1 0 0 0 1 1 1 1 0 0 1 0 1 0 1 1 1 0 1 1 1 1 0 1 0 0 0 1 0 0 0 0 1
 0 0 0 0 0 0 0 0 0 0 0 0 0 0 0 0 0 0 0 0 0]
-0.11602203073601913 (1801.4042711257935)
[1 1 1 1 1 1 1 1 1 1 1 1 1 0 1 1 1 0 1 1 1 1 1 1 1 1 1 1 1 0 1 1 1 0 1 1 0
 0 0 1 1 0 1 1 1 0 0 0 0 0 1 0 0 1 1 1 0 1 1 1 0 1 1 0 0 0 1 1 0 1 1 1 0 0
 0 0 0 1 0 0 1 1 1 0 1 1 1 1 1 1 1 1 1 1 1 1 1 1 1 1 1 1 1 1 0 1 1 1 1 1 1
 0 1 1 0 1 1 1 1 0 1 1 1 0 1 1 1 1 1 1 1 1 1 1 1 1 1 1 1 1 1 1 1 1 1 1 1 1
 1 1 1 1 1 1 1 1 1 1 1 1 1 0 0 0 1 0 0 1 0 0 0 0 0 0 0 1 0 0 0 0 1 0 1 1 1
 1 1 1 0 1 1 1 1 1 1 0 1 1 1 1 1 1 1 1 1 1 1 1 1 1 1 1 1 1 1 1 1 1 1 1 1 1
 1 1 1 0 0 1 0 0 0 0 1 0 0 0 0 0 1 0 0 1 0 0 0 0 1 1 0 1 1 0 0 0 0 0 0 1 0
 0 1 1 1 0 1 1 0 1 0 1 0 0 0 0 0 1 0 0 1 1 1 0 1 1 1 1 1 1 1 1 1 1 1 1 1 1
 1 1 1 1 1 1 1 0 1 1 0 1 1 1 1 1 1 1 1 1 0 1 0 0 0 0 0 1 0 0 0 0 0 0 1 1 1
 1 1 1 1 1 0 1 1 1 1 1 1 0 0 1 0 0 1 0 1 1 1 1 0 1 1 1 1 1 1 1 1 1 1 1 1 0
 0 0 0 0 0 0 0 0 1 0 0 0 0 1 0 0 1 1 1 0 0 0 1 0 0 1 1 1 0 0 1 0 0 1 0 1 0
 0 0 0 1 1 0 0 0 1 1 1 1 0 0 1 0 1 0 1 1 1 0 1 1 1 1 0 1 0 0 0 0 0 0 0 0 0
 0 0 0 0 0 0 0 0 1 0 0 0 0 1 0 0 0 0 0 0 0]
-0.10711674442984531 (1981.4314172267914)
[1 1 1 1 1 1 1 1 1 1 1 1 1 1 1 1 1 1 1 1 1 1 1 1 1 1 1 1 1 0 1 1 1 0 1 1 0
 0 0 1 1 0 1 1 1 0 0 0 0 0 1 0 0 1 1 1 0 1 1 1 0 1 1 0 0 0 1 1 0 1 1 1 0 0
 0 0 0 1 0 0 1 1 1 0 1 1 1 1 1 1 1 1 1 1 1 1 1 1 0 1 1 1 1 1 0 1 1 1 1 1 1
 0 1 1 1 1 1 1 1 0 1 1 1 0 1 1 1 1 1 1 1 1 1 1 1 1 1 1 1 1 1 1 1 1 1 1 1 1
 1 1 1 1 1 1 1 1 1 1 1 1 1 0 0 0 1 1 0 1 0 0 0 0 0 0 0 0 0 0 0 0 1 0 1 1 1
 1 1 1 0 1 1 1 1 1 1 0 1 1 1 1 1 1 1 1 1 1 1 1 1 1 1 1 1 1 1 1 1 1 1 1 1 1
 1 1 1 0 0 1 0 0 1 0 1 0 0 0 0 0 1 0 0 1 0 0 0 0 1 1 0 1 1 0 0 0 0 0 0 1 0
 0 1 0 1 0 1 1 0 1 0 1 0 0 0 0 0 1 0 0 1 1 1 0 1 1 1 1 1 1 1 1 1 1 1 1 1 1
 1 1 1 1 1 1 1 0 1 1 0 1 1 1 1 1 1 1 1 1 0 1 0 0 0 0 0 1 0 0 0 0 0 0 1 1 1
 1 1 1 1 1 0 1 1 1 1 1 1 0 0 1 0 0 1 0 1 1 1 1 0 1 1 1 1 1 1 1 1 1 1 1 1 0
 0 0 0 0 0 0 0 0 1 0 0 0 0 1 0 0 1 1 1 0 0 0 1 0 0 1 1 1 0 0 1 0 0 1 0 1 0
 0 0 0 1 1 0 0 0 1 1 1 1 0 0 1 0 1 0 1 1 1 0 1 1 1 1 0 1 0 0 0 0 0 0 1 0 0
 0 1 0 0 0 0 0 0 0 0 0 0 0 0 0 0 0 0 0 0 0]
-0.10332457056796329 (2027.5269241333008)
[1 1 1 1 1 1 1 1 1 1 1 1 1 1 1 1 1 1 1 1 1 1 1 1 1 1 1 1 1 0 1 1 1 0 1 1 0
 0 0 1 1 0 1 1 1 0 0 0 0 0 1 0 0 1 1 1 0 1 1 1 0 1 1 0 0 0 1 1 0 1 1 1 0 0
 0 0 0 1 0 0 1 1 1 0 1 1 1 1 1 1 1 1 1 1 1 1 1 1 0 1 1 1 1 1 0 1 1 1 1 1 1
 0 1 1 1 1 1 1 1 0 1 1 1 0 1 1 1 1 1 1 1 1 1 1 1 1 1 1 1 1 1 1 1 1 1 1 1 1
 1 1 1 1 1 1 1 1 1 1 1 1 1 0 0 0 1 1 0 1 0 0 0 0 0 0 0 0 0 0 0 0 1 0 1 1 1
 1 1 1 0 1 1 1 1 1 1 0 1 1 1 1 1 1 1 1 1 1 1 1 1 1 1 1 1 1 1 1 1 1 1 1 1 1
 1 1 1 0 0 1 0 0 1 0 1 0 0 0 0 0 0 0 0 1 0 0 0 0 1 1 0 1 1 0 0 0 0 0 0 1 0
 0 1 0 1 0 1 1 0 1 0 1 0 0 0 0 0 1 0 0 1 1 1 0 1 1 1 1 1 1 1 1 1 1 1 1 1 1
 1 1 1 1 1 1 1 0 1 1 0 1 1 1 1 1 1 1 1 1 0 1 0 0 0 0 0 1 0 0 0 0 0 0 1 1 1
 1 1 1 1 1 0 1 1 1 1 1 1 0 0 1 0 0 1 0 1 1 1 1 0 1 1 1 1 1 1 1 1 1 1 1 1 0
 0 0 0 0 0 0 0 0 1 0 0 0 0 1 0 0 1 1 1 0 0 0 1 0 0 1 1 1 0 0 1 0 0 1 0 1 0
 0 0 0 1 1 0 0 0 1 1 1 1 0 0 1 0 1 0 1 1 1 0 1 1 1 1 0 1 0 0 0 0 0 0 0 0 0
 0 0 0 0 0 0 0 0 0 1 0 0 0 0 0 0 0 0 1 0 0]
-0.10137044339802515 (2093.43185710907)
[1 1 1 1 1 1 1 1 1 1 1 1 1 1 1 1 1 1 1 1 1 1 1 1 1 1 1 1 1 0 1 1 1 0 1 1 0
 0 0 1 1 0 1 1 1 0 0 0 0 0 1 0 0 1 1 1 0 1 1 1 0 1 1 0 0 0 1 1 0 1 1 1 0 0
 0 0 0 1 0 0 1 1 1 0 1 1 1 1 1 1 1 1 1 1 1 1 1 1 0 1 1 1 1 1 0 1 1 1 1 1 1
 1 1 1 1 1 1 1 1 0 1 1 1 0 1 1 1 1 1 1 1 1 1 1 1 1 1 1 1 1 1 1 1 1 1 1 1 1
 1 1 1 1 1 1 1 1 1 1 1 1 1 0 0 0 1 1 0 1 0 0 0 0 0 0 0 0 0 0 0 0 1 0 1 1 1
 1 1 1 0 1 1 1 0 1 1 0 1 1 1 1 1 1 1 1 1 1 1 1 1 1 1 1 1 0 1 1 1 1 1 1 1 1
 1 1 1 0 0 1 0 0 1 0 1 0 0 0 0 0 0 0 0 1 0 0 0 0 1 1 0 1 1 0 0 0 0 0 0 1 0
 0 1 0 1 0 1 1 0 1 0 1 0 0 0 0 0 1 0 0 1 1 1 0 1 1 1 1 1 1 1 1 1 1 1 1 1 1
 1 1 1 1 1 1 1 0 1 1 0 1 1 1 1 1 1 1 1 1 0 1 0 0 0 0 0 1 0 0 0 0 0 0 1 1 1
 1 1 1 1 1 0 1 1 1 1 1 1 0 0 1 0 0 1 0 1 1 1 1 0 1 1 1 1 1 1 1 1 1 1 1 1 0
 0 0 0 0 0 0 0 0 1 0 0 0 0 1 0 0 1 1 1 0 0 0 1 0 0 1 1 1 0 0 1 0 0 1 0 1 0
 0 0 0 1 1 0 0 0 1 1 1 1 0 0 1 0 1 0 1 1 1 0 1 1 1 1 0 1 0 0 0 0 0 0 0 0 1
 0 0 0 0 0 0 0 0 0 0 0 0 0 0 0 0 0 1 0 0 0]
-0.10042941941395611 (2113.7594830989838)
[1 1 1 1 1 1 1 1 1 1 1 1 1 0 1 1 1 0 1 1 1 1 1 1 1 1 1 1 1 0 1 1 1 0 1 1 0
 0 0 1 1 0 1 1 1 0 0 0 0 0 1 0 0 1 1 1 0 1 1 1 0 1 1 0 0 0 1 1 0 1 1 1 0 0
 0 0 0 1 0 0 1 1 1 0 1 1 1 1 1 1 1 1 1 1 1 1 1 1 1 1 1 1 1 1 0 1 1 1 1 1 1
 1 1 1 0 1 1 1 1 0 1 1 1 0 1 1 1 1 1 1 1 1 1 1 1 1 1 1 1 1 1 1 1 1 1 1 1 1
 1 1 1 1 1 1 1 1 1 1 1 1 1 0 0 0 1 0 0 1 0 0 0 0 0 0 0 1 0 0 0 0 1 0 1 1 1
 1 1 1 0 1 1 1 1 1 1 0 1 1 1 1 1 1 1 1 1 1 1 1 1 1 1 1 1 1 1 1 1 1 1 1 1 1
 1 1 1 0 0 1 0 0 0 0 1 0 0 0 0 0 1 0 0 1 0 0 0 0 1 1 0 1 1 0 0 0 0 0 0 1 0
 0 1 1 1 0 1 1 0 1 0 1 0 0 0 0 0 1 0 0 1 1 1 0 1 1 1 1 1 1 1 1 1 1 1 1 1 1
 1 1 1 1 1 1 1 0 1 1 0 1 1 1 1 1 1 1 1 1 0 1 0 0 0 0 0 1 0 0 0 0 0 0 1 1 1
 1 1 1 1 1 0 1 1 1 1 1 1 0 0 1 0 0 1 0 1 1 1 1 0 1 1 1 1 1 1 1 1 1 1 1 1 0
 0 0 0 0 0 0 0 0 1 0 0 0 0 1 0 0 1 1 1 0 0 0 1 0 0 1 1 1 0 0 1 0 0 1 0 1 0
 1 0 0 1 1 0 0 0 1 1 1 1 0 0 1 0 1 0 1 1 1 0 1 1 1 1 0 1 0 0 0 0 0 0 0 0 1
 0 0 0 0 0 0 0 0 0 0 0 0 0 0 0 0 0 1 0 0 0]
-0.09585466122541675 (2113.798614025116)
[1 1 1 1 1 1 1 1 1 1 1 1 1 1 1 1 1 1 1 1 1 1 1 1 1 1 1 1 1 0 1 1 1 0 1 1 0
 0 0 1 1 0 1 1 1 0 0 0 0 0 1 0 0 1 1 1 0 1 1 1 0 1 1 0 0 0 1 1 0 1 1 1 0 0
 0 0 0 1 0 0 1 1 1 0 1 1 1 1 1 1 1 1 1 1 1 1 1 1 0 1 1 1 1 1 1 1 1 1 1 1 1
 1 1 1 1 1 1 1 1 0 1 1 1 0 1 1 1 1 1 1 1 1 1 1 1 1 1 1 1 1 1 1 1 1 1 1 1 1
 1 1 1 1 1 1 1 1 1 1 1 1 1 0 0 0 1 1 0 1 0 0 0 0 0 0 0 0 0 0 0 0 1 0 1 1 1
 1 1 1 0 1 1 1 1 1 1 0 1 1 1 1 1 1 1 1 1 1 1 1 1 1 1 1 1 1 1 1 1 1 1 1 1 1
 1 1 1 0 0 1 1 0 1 0 1 0 0 0 0 0 1 0 0 1 0 0 0 0 1 1 0 1 1 0 0 0 0 0 0 1 0
 0 1 0 1 0 1 1 0 1 0 1 0 0 0 0 0 1 0 0 1 1 1 0 1 1 1 1 1 1 1 1 1 1 1 1 1 1
 1 1 1 1 1 1 1 0 1 1 0 1 1 1 1 1 1 1 1 1 0 1 0 0 0 0 0 1 0 0 0 0 0 0 1 1 1
 1 1 1 1 1 0 1 1 1 1 1 1 0 0 1 0 0 1 0 1 1 1 1 0 1 1 1 1 1 1 1 1 1 1 1 1 0
 0 0 0 0 0 0 0 0 1 0 0 0 0 1 0 0 1 1 1 0 0 0 1 0 0 1 1 1 0 0 1 0 0 1 0 1 0
 0 0 0 1 1 0 0 0 1 1 1 1 0 0 1 0 1 0 1 1 1 0 1 1 1 1 0 1 0 0 0 0 0 0 0 0 0
 0 0 0 0 0 0 0 0 0 0 0 0 0 0 0 0 0 0 0 0 1]
-0.09285592729196424 (2129.4098761081696)
[1 1 1 1 1 1 1 1 1 1 1 1 1 1 1 1 1 0 1 1 1 1 1 1 1 1 1 1 1 0 1 1 1 0 1 1 0
 0 0 1 1 0 1 1 1 0 0 0 0 0 1 0 0 1 1 1 0 1 1 1 0 1 1 0 0 0 1 1 0 1 1 1 0 0
 0 0 0 1 0 0 1 1 1 0 1 1 1 1 1 1 1 1 1 1 1 1 1 1 0 1 1 1 1 1 1 1 1 1 1 1 1
 1 1 1 1 1 1 1 1 0 1 1 1 0 1 1 1 1 1 1 1 1 1 1 1 1 1 1 1 1 1 1 1 1 1 1 1 1
 1 1 1 1 1 1 1 1 1 1 1 1 1 0 0 0 1 1 0 1 0 0 0 0 0 0 0 0 0 0 1 0 1 0 1 1 1
 1 1 1 0 1 1 1 0 1 1 0 1 1 1 1 1 1 1 1 1 1 1 1 1 1 1 1 1 0 1 1 1 1 1 1 1 1
 1 1 1 0 0 1 0 0 1 0 1 0 0 0 0 0 1 0 0 1 0 0 0 0 1 1 0 1 1 0 0 0 0 0 0 1 0
 0 1 0 1 0 1 1 0 1 0 1 0 0 0 0 0 1 0 0 1 1 1 0 1 1 1 1 1 1 1 1 1 1 1 1 1 1
 1 1 1 1 1 1 1 0 1 1 1 1 1 1 1 1 1 1 1 1 0 1 0 0 0 0 0 1 0 0 0 0 0 0 1 1 1
 1 1 1 1 1 0 1 1 1 1 1 1 0 0 1 0 0 1 0 1 1 1 1 0 1 1 1 1 1 1 1 1 1 1 1 1 0
 0 0 0 0 0 0 0 0 1 0 0 0 0 1 0 0 1 1 1 0 0 0 1 0 0 1 1 1 0 0 1 0 0 1 0 1 0
 0 0 0 1 1 0 0 0 1 1 1 1 0 0 1 0 1 0 1 1 1 0 1 1 1 1 0 1 0 0 0 0 0 0 0 1 0
 0 0 0 0 0 0 0 0 0 1 0 0 0 0 0 0 0 0 0 0 0]
-0.0924554579870005 (2196.039703130722)
[1 1 1 1 1 1 1 1 1 1 1 1 1 1 1 1 1 1 1 1 1 1 1 1 1 1 1 1 1 0 1 1 1 0 1 1 0
 0 0 1 1 0 1 1 1 0 0 0 0 0 1 0 0 1 1 1 0 1 1 1 0 1 1 0 0 0 1 1 0 1 1 1 0 0
 0 0 0 1 0 0 1 1 1 0 1 1 1 1 1 1 1 1 1 1 1 1 1 1 0 1 1 1 1 1 1 1 1 1 1 1 1
 1 1 1 1 1 1 1 1 0 1 1 1 0 1 1 1 1 1 1 1 1 1 1 1 1 1 1 1 1 1 1 1 1 1 1 1 1
 1 1 1 1 1 1 1 1 1 1 1 1 1 0 0 0 1 1 0 1 0 0 0 0 0 0 0 0 0 0 1 0 1 0 1 1 1
 1 1 1 0 1 1 1 0 1 1 0 1 1 1 1 1 1 1 1 1 1 1 1 1 1 1 1 1 0 1 1 1 1 1 1 1 1
 1 1 1 0 0 1 0 0 1 0 1 0 0 0 0 0 1 0 0 1 0 0 0 0 1 1 0 1 1 0 0 0 0 0 0 1 0
 0 1 0 1 0 1 1 0 1 0 1 0 0 0 0 0 1 0 0 1 1 1 0 1 1 1 1 1 1 1 1 1 1 1 1 1 1
 1 1 1 1 1 1 1 0 1 1 1 1 1 1 1 1 1 1 1 1 0 1 0 0 0 0 0 1 0 0 0 0 0 0 1 1 1
 1 1 1 1 1 0 1 1 1 1 1 1 0 0 1 0 0 1 0 1 1 1 1 0 1 1 1 1 1 1 1 1 1 1 1 1 0
 0 0 0 0 0 0 0 0 1 0 0 0 0 1 0 0 1 1 1 0 0 0 1 0 0 1 1 1 0 0 1 0 0 1 0 1 0
 0 0 0 1 1 0 0 0 1 1 1 1 0 0 1 0 1 0 1 1 1 0 1 1 1 1 0 1 0 0 0 0 0 0 0 1 0
 0 0 0 0 0 0 0 0 0 1 0 0 0 0 0 0 0 0 0 0 0]
-0.0915087010832849 (2196.0477950572968)
[1 1 1 1 1 1 1 1 1 1 1 1 1 1 1 1 1 1 1 1 1 1 1 1 1 1 1 1 1 0 1 1 1 0 1 1 0
 0 0 1 1 0 1 1 1 0 0 0 0 0 1 0 0 1 1 1 0 1 1 1 0 1 1 0 0 0 1 1 0 1 1 1 0 0
 0 0 0 1 0 0 1 1 1 0 1 1 1 1 1 1 1 1 1 1 1 1 1 1 1 1 1 1 1 1 1 1 1 1 1 1 1
 0 1 1 1 1 1 1 1 0 1 1 1 0 1 1 1 1 1 1 1 1 1 1 1 1 1 1 1 1 1 1 1 1 1 1 1 1
 1 1 1 1 1 1 1 1 1 1 1 1 1 0 0 0 1 1 0 1 0 0 0 0 0 0 0 0 0 0 0 0 1 0 1 1 1
 1 1 1 0 1 1 1 1 1 1 0 1 1 1 1 1 1 1 1 1 1 1 1 1 1 1 1 1 1 1 1 1 1 1 1 1 1
 1 1 1 0 0 1 0 0 1 0 1 0 0 0 0 0 1 0 0 1 0 1 0 0 1 1 0 1 1 0 0 0 0 0 0 1 0
 0 1 0 1 0 1 1 0 1 0 1 0 0 0 0 0 1 0 0 1 1 1 0 1 1 1 1 1 1 1 1 1 1 1 1 1 1
 1 1 1 1 1 1 1 0 1 1 0 1 1 1 1 1 1 1 1 1 0 1 0 0 0 0 0 1 0 0 0 0 1 0 1 1 1
 1 1 1 1 1 0 1 1 1 1 1 1 0 0 1 0 0 1 0 1 1 1 1 0 1 1 1 1 1 1 1 1 1 1 1 1 0
 0 0 0 0 0 0 0 0 1 0 0 0 0 1 0 0 1 1 1 0 0 0 1 0 0 1 1 1 0 0 1 0 0 1 0 1 0
 0 0 0 1 1 0 0 0 1 1 1 1 0 0 1 0 1 0 1 1 1 0 1 1 1 1 0 1 0 0 0 0 0 0 0 0 0
 0 0 0 0 0 0 0 0 0 0 1 0 0 0 0 0 1 0 0 0 0]
-0.0903542858808919 (2198.4497690200806)
[1 1 1 1 1 1 1 1 1 1 1 1 1 1 1 1 1 1 1 1 0 1 1 1 1 1 1 1 1 0 1 1 1 0 1 1 0
 0 0 1 1 0 1 1 1 0 0 0 0 0 1 0 0 1 1 1 0 1 1 1 0 1 1 0 0 0 1 1 0 1 1 1 0 0
 0 0 0 1 0 0 1 1 1 0 1 1 1 1 1 1 1 1 1 1 1 1 1 1 1 1 1 1 1 1 1 1 1 1 1 0 1
 0 1 1 1 1 1 1 1 0 1 1 1 0 1 1 1 1 1 1 1 1 1 1 1 1 1 1 1 1 1 1 1 1 1 1 1 1
 1 1 1 1 1 1 1 1 1 1 1 1 1 0 0 0 1 1 0 1 0 0 0 0 0 0 0 0 0 0 0 0 1 0 1 1 1
 1 1 1 0 1 1 1 1 1 1 1 1 1 0 1 1 1 1 1 1 1 1 1 1 1 1 1 1 1 1 1 1 1 1 1 1 1
 1 1 1 0 0 1 1 0 1 1 1 0 0 0 0 0 1 0 0 1 0 1 0 0 1 1 0 1 1 0 0 0 0 0 0 1 0
 0 1 0 1 0 1 1 0 1 0 1 0 0 0 0 0 1 0 0 1 1 1 0 1 1 1 1 1 1 1 1 1 1 1 1 1 1
 1 1 1 1 1 1 1 1 1 1 0 1 1 1 1 1 1 1 1 1 0 1 0 0 0 0 0 1 0 0 0 0 0 0 1 1 1
 1 1 1 1 1 0 1 1 1 1 1 1 1 1 1 0 0 1 0 1 1 1 1 0 0 1 1 1 1 1 1 1 1 1 1 1 0
 0 0 0 0 0 0 0 0 1 0 0 0 0 1 0 0 1 1 1 0 0 0 1 0 0 1 1 1 0 0 1 0 0 1 0 1 0
 1 0 0 1 1 1 0 0 1 1 1 1 0 0 1 0 1 0 1 1 1 0 1 1 1 1 0 1 0 0 0 0 0 0 0 0 0
 0 0 0 1 0 0 0 0 0 0 0 0 0 0 0 0 0 0 0 0 0]
-0.07792471287245917 (2255.2287459373474)
[1 1 1 1 1 1 1 1 1 1 1 1 1 1 1 1 1 1 1 1 1 1 1 1 1 1 1 1 1 0 1 1 1 0 1 1 0
 0 0 1 1 0 1 1 1 0 0 0 0 0 1 0 0 1 1 1 0 1 1 1 0 1 1 0 0 0 1 1 0 1 1 1 0 0
 0 0 0 1 0 0 1 1 1 0 1 1 1 1 1 1 1 1 1 1 1 1 1 1 1 1 1 1 1 1 0 1 1 1 1 0 1
 0 1 1 1 1 1 1 1 0 1 1 1 0 1 1 1 1 1 1 1 1 1 1 1 1 1 1 1 1 1 1 1 1 1 1 1 1
 1 1 1 1 1 1 1 1 1 1 1 1 1 0 0 0 1 1 0 1 0 0 0 0 0 0 0 0 0 0 0 0 1 0 1 1 1
 1 1 1 0 1 1 1 1 1 1 0 1 1 0 1 1 1 1 1 1 1 1 1 1 1 1 1 1 1 1 1 1 1 1 1 1 1
 1 1 1 0 0 1 1 0 1 1 1 0 0 0 0 0 1 0 0 1 1 1 0 0 1 1 0 1 1 0 0 0 0 0 0 1 0
 0 1 0 1 0 1 1 0 1 0 1 0 0 0 0 0 1 0 0 1 1 1 0 1 1 1 1 1 1 1 1 1 1 1 1 1 1
 1 1 1 0 1 1 1 0 1 1 0 1 1 1 1 1 1 1 1 1 0 1 0 0 0 0 0 1 0 0 0 0 0 0 1 1 1
 1 1 1 1 1 0 1 1 1 1 1 1 0 0 1 0 0 1 0 1 1 1 1 0 1 1 1 1 1 1 1 1 1 1 1 1 0
 0 0 0 0 0 0 0 0 1 0 0 0 0 1 0 0 1 1 1 0 0 0 1 0 0 1 1 1 0 0 1 0 0 1 0 1 0
 1 0 0 1 1 0 0 0 1 1 1 1 0 0 1 0 1 0 1 1 1 0 1 1 1 1 0 1 0 1 0 0 0 0 0 0 0
 0 0 0 1 0 0 0 0 0 0 0 0 0 0 0 0 0 0 0 0 0]
-0.07442789751576129 (2349.027229309082)
[1 1 1 1 1 1 1 1 1 1 1 1 1 1 1 1 1 1 1 1 0 1 1 1 1 1 1 1 1 0 1 1 1 0 1 1 0
 0 0 1 1 0 1 1 1 0 0 0 0 0 1 0 0 1 1 1 0 1 1 1 0 1 1 0 0 0 1 1 0 1 1 1 0 0
 0 0 0 1 0 0 1 1 1 0 1 1 1 1 1 1 1 1 1 1 1 1 1 1 1 1 1 1 1 1 1 1 1 1 1 1 1
 0 1 1 1 1 1 1 1 0 1 1 1 0 1 1 1 1 1 1 1 1 1 1 1 1 1 1 1 1 1 1 1 1 1 1 1 1
 1 1 1 1 1 1 1 1 1 1 1 1 1 0 0 0 0 1 0 1 0 0 0 0 0 0 0 0 0 0 0 0 1 0 1 1 1
 1 1 1 0 1 1 1 1 1 1 0 1 1 0 1 1 1 1 1 1 1 1 1 1 1 1 1 1 1 1 1 1 1 1 1 1 1
 1 1 1 0 0 1 1 0 1 1 1 0 0 0 0 0 1 0 0 1 1 1 0 0 1 1 0 1 1 0 0 0 0 0 0 1 0
 0 1 0 1 0 1 1 0 1 0 1 0 0 0 0 0 1 0 0 1 1 1 0 1 1 1 1 1 1 1 1 1 1 1 1 1 1
 1 1 1 1 1 1 1 0 1 1 0 1 1 1 1 1 1 1 1 1 0 1 0 0 0 0 0 1 0 0 0 0 1 0 1 1 1
 1 1 1 1 1 0 1 1 1 1 1 1 0 0 1 0 0 1 0 1 1 1 1 0 1 1 1 1 1 1 1 1 1 1 1 1 0
 0 0 0 0 0 0 0 0 1 0 0 0 0 1 0 0 1 1 1 0 0 0 1 0 0 1 1 1 0 0 1 0 0 1 0 1 0
 1 0 0 1 1 0 0 0 1 1 1 1 0 0 1 0 1 0 1 1 1 0 1 1 1 1 0 1 0 1 0 0 0 0 0 0 0
 0 0 0 1 0 0 0 0 0 0 0 0 0 0 0 0 0 0 0 0 0]
-0.06924399805950543 (2349.0797560214996)
[1 1 1 1 1 1 1 1 1 1 1 1 1 1 1 1 1 1 1 1 0 1 1 1 1 1 1 1 1 0 1 1 1 0 1 1 0
 0 0 1 1 0 1 1 1 0 0 0 0 0 1 0 0 1 1 1 0 1 1 1 0 1 1 0 0 0 1 1 0 1 1 1 0 0
 0 0 0 1 0 0 1 1 1 0 1 1 1 1 1 1 1 1 1 1 1 1 1 1 1 1 1 1 1 1 1 1 1 1 1 0 1
 0 1 1 1 1 1 1 1 0 1 1 1 1 1 1 1 1 1 1 1 1 1 1 1 1 1 1 1 1 1 1 1 1 1 1 1 1
 1 1 1 1 1 1 1 1 1 1 1 1 1 0 0 0 1 1 0 1 0 0 0 0 0 0 0 0 0 0 1 0 1 0 1 1 1
 1 1 1 0 1 1 1 1 1 1 0 1 1 0 1 1 1 1 1 1 1 1 1 1 1 1 1 1 1 1 1 1 1 1 1 1 1
 1 1 1 0 0 1 1 0 1 1 1 0 0 0 0 0 1 0 0 1 1 1 0 0 1 1 0 1 1 0 0 0 0 0 0 1 0
 0 1 0 1 0 1 1 0 1 0 1 0 0 0 0 0 1 0 0 1 1 1 0 1 1 1 1 1 1 1 1 1 1 1 1 1 1
 1 1 1 1 1 1 1 0 1 1 1 1 1 1 1 1 1 1 1 1 0 1 0 0 0 0 0 1 0 0 0 0 0 0 1 1 1
 1 1 1 1 1 0 1 1 1 1 1 1 0 0 1 0 0 1 0 1 1 1 1 0 1 1 1 1 1 1 1 1 1 1 1 1 0
 0 0 0 0 0 0 0 0 1 0 0 0 0 1 0 0 1 1 1 0 0 0 1 0 0 1 1 1 0 0 0 0 0 1 0 1 0
 1 0 0 1 1 0 0 0 1 1 1 1 0 0 1 0 1 0 1 1 1 0 1 1 1 1 0 1 0 0 0 0 0 1 0 0 0
 0 0 0 0 0 0 0 1 0 0 0 0 0 0 0 0 0 0 0 0 0]
-0.06905344816402703 (2354.1646962165833)
[1 1 1 1 1 1 1 1 1 1 1 1 1 1 1 1 1 1 1 1 0 1 1 1 1 1 1 1 1 0 1 1 1 0 1 1 0
 0 0 1 1 0 1 1 1 0 0 0 0 0 1 0 0 1 1 1 0 1 1 1 0 1 1 0 0 0 1 1 0 1 1 1 0 0
 0 0 0 1 0 0 1 1 1 0 1 1 1 1 1 1 1 1 1 1 1 1 1 1 1 1 1 1 1 1 1 1 1 1 1 1 1
 0 1 1 1 1 1 1 1 0 1 1 1 1 1 1 1 1 1 1 1 1 1 1 1 1 1 1 1 1 1 1 1 1 1 1 1 1
 1 1 1 1 1 1 1 1 1 1 1 1 1 0 0 0 0 1 0 1 0 0 0 0 0 0 0 0 0 0 0 0 1 0 1 1 1
 1 1 1 0 1 1 1 1 1 1 0 1 1 0 1 1 1 1 1 1 1 1 1 1 1 1 1 1 1 1 1 1 1 1 1 1 1
 1 1 1 0 0 1 1 0 1 1 1 0 0 0 0 0 1 0 0 1 1 1 0 0 1 1 0 1 1 0 0 0 0 0 0 1 0
 0 1 0 1 0 1 1 0 1 0 1 0 0 0 0 0 1 0 0 1 1 1 0 1 1 1 1 1 1 1 1 1 1 1 1 1 1
 1 1 1 1 1 1 1 0 1 1 0 1 1 1 1 1 1 1 1 1 0 1 0 0 0 0 0 1 0 0 0 0 1 0 1 1 1
 1 1 1 1 1 0 1 1 1 1 1 1 0 0 1 0 0 1 0 1 1 1 1 0 1 1 1 1 1 1 1 1 1 1 1 1 0
 0 0 0 0 0 0 0 0 1 0 0 0 0 1 0 0 1 1 1 0 0 0 1 0 0 1 1 1 0 0 1 0 0 1 0 1 0
 1 0 0 1 1 0 0 0 1 1 1 1 0 0 1 0 1 0 1 1 1 0 1 1 1 1 0 1 0 0 0 0 0 1 0 0 0
 0 0 0 0 0 0 0 1 0 0 0 0 0 0 0 0 0 0 0 0 0]
-0.06820372431633359 (2354.1771891117096)
[1 1 1 1 1 1 1 1 1 1 1 1 1 1 1 1 1 1 1 1 0 1 1 1 1 1 1 1 1 0 1 1 1 0 1 1 0
 0 0 1 1 0 1 1 1 0 0 0 0 0 1 0 0 1 1 1 0 1 1 1 0 1 1 0 0 0 1 1 0 1 1 1 0 0
 0 0 0 1 0 0 1 1 1 0 1 1 1 1 1 1 1 1 1 1 1 1 1 1 1 1 1 1 1 1 1 1 1 1 1 1 1
 0 1 1 1 1 1 1 1 0 1 1 1 1 1 1 1 1 1 1 1 1 1 1 1 1 1 1 1 1 1 1 1 1 1 1 1 1
 1 1 1 1 1 1 1 1 1 1 1 1 1 0 0 0 0 1 0 1 0 0 0 0 0 0 0 0 0 0 0 0 1 0 1 1 1
 1 1 1 0 1 1 1 1 1 1 0 1 1 0 1 1 1 1 1 1 1 1 1 1 1 1 1 1 1 1 1 1 1 1 1 1 1
 1 1 1 0 0 1 1 0 1 1 1 0 0 0 0 0 1 0 0 1 1 1 0 0 1 1 0 1 1 0 0 0 0 0 0 1 0
 0 1 0 1 0 1 1 0 1 0 1 0 0 0 0 0 1 0 0 1 1 1 0 1 1 1 1 1 1 1 1 1 1 1 1 1 1
 1 1 1 1 1 1 1 0 1 1 0 1 1 1 1 1 1 1 1 1 0 1 0 0 0 0 0 1 0 0 0 0 1 0 1 1 1
 1 1 1 1 1 0 1 1 1 1 1 1 0 0 1 0 0 1 0 1 1 1 1 0 1 1 1 1 1 1 1 1 1 1 1 1 0
 0 0 0 0 0 0 0 0 1 0 0 0 0 1 0 0 1 1 1 0 0 0 1 0 0 1 1 1 0 0 0 0 0 1 0 1 0
 1 0 0 1 1 0 0 0 1 1 1 1 0 0 1 0 1 0 1 1 1 0 1 1 1 1 0 1 0 0 0 0 0 1 0 0 0
 0 0 0 0 0 0 0 1 0 0 0 0 0 0 0 0 0 0 0 0 0]
-0.06572576467442559 (2354.178598165512)
[1 1 1 1 1 1 1 1 1 1 1 1 1 1 1 1 1 1 1 1 0 1 1 1 1 1 1 1 1 0 1 1 1 0 1 1 0
 0 0 1 1 0 1 1 1 0 0 0 0 0 1 0 0 1 1 1 0 1 1 1 0 1 1 0 0 0 1 1 0 1 1 1 0 0
 0 0 0 1 0 0 1 1 1 0 1 1 1 1 1 1 1 1 1 1 1 1 1 1 1 1 1 1 1 1 1 1 1 1 1 1 1
 0 1 1 1 1 1 1 1 1 1 1 1 1 1 1 1 1 1 1 1 1 1 1 1 1 1 1 1 1 1 1 1 1 1 1 1 1
 1 1 1 1 1 1 1 1 1 1 1 1 1 0 0 0 0 1 0 1 0 0 0 0 0 0 0 0 0 0 0 0 1 0 1 1 1
 1 1 1 0 1 1 1 1 1 1 0 1 1 0 1 1 1 1 1 1 1 1 1 1 1 1 1 1 1 1 1 1 1 1 1 1 1
 1 1 1 0 0 1 1 0 1 1 1 0 0 0 0 0 1 0 0 1 1 1 0 0 1 1 0 1 1 0 0 0 0 0 0 1 0
 0 1 0 1 0 1 1 0 1 0 1 0 0 0 0 0 1 0 0 1 1 1 0 1 1 1 1 1 1 1 1 1 1 1 1 1 1
 1 1 1 1 1 1 1 0 1 1 0 1 1 1 1 1 1 1 1 1 0 1 0 0 0 0 0 1 0 0 0 0 1 0 1 1 1
 1 1 1 1 1 0 1 1 1 1 1 1 0 0 1 0 0 1 0 1 1 1 1 0 1 1 1 1 1 1 1 1 1 1 1 1 0
 0 0 0 0 0 0 0 0 1 0 0 0 0 1 0 0 1 1 1 0 0 0 1 0 0 1 1 1 0 0 0 0 0 1 0 1 0
 1 0 0 1 1 0 0 0 1 1 1 1 0 0 1 0 1 0 1 1 1 0 1 1 1 1 0 1 0 1 0 0 0 0 0 0 0
 0 0 0 0 0 0 0 0 0 0 0 0 0 0 0 0 0 0 0 0 1]
-0.06231924244337961 (2466.597440958023)
[1 1 1 1 1 1 1 1 1 1 1 1 1 1 1 1 1 1 1 1 0 1 1 1 1 1 1 1 1 0 1 1 1 0 1 1 0
 0 0 1 1 0 1 1 1 0 0 0 0 0 1 0 0 1 1 1 0 1 1 1 0 1 1 0 0 0 1 1 0 1 1 1 0 0
 0 0 0 1 0 0 1 1 1 0 1 1 1 1 1 1 1 1 1 1 1 1 1 1 1 1 1 1 1 1 1 1 1 1 1 0 1
 0 1 1 1 1 1 1 1 1 1 1 1 1 1 1 1 1 1 1 1 1 1 1 1 1 1 1 1 1 1 1 1 1 1 1 1 1
 1 1 1 1 1 1 1 1 1 1 1 1 1 0 0 0 1 1 0 1 0 0 0 0 0 0 0 0 0 0 0 0 1 0 1 1 1
 1 1 1 0 1 1 1 1 1 1 1 1 1 0 1 1 1 1 1 1 1 1 1 1 1 1 1 1 1 1 1 1 1 1 1 1 1
 1 1 1 0 0 1 1 0 1 1 1 0 0 0 0 0 1 0 0 1 1 1 0 0 1 1 0 1 1 0 0 0 0 0 0 1 0
 0 1 0 1 0 1 1 0 1 0 1 0 0 0 0 0 1 0 0 1 1 1 0 1 1 1 1 1 1 1 1 1 1 1 1 1 1
 1 1 1 1 1 1 1 1 1 1 0 1 1 1 1 1 1 1 1 1 0 1 0 0 0 0 0 1 0 0 0 0 0 0 1 1 1
 1 1 1 1 1 0 1 1 1 1 1 1 1 1 1 0 0 1 0 1 1 1 1 0 0 1 1 1 1 1 1 1 1 1 1 1 0
 0 0 0 0 0 0 0 0 1 0 0 0 0 1 0 0 1 1 1 0 0 0 1 0 0 1 1 1 0 0 0 0 0 1 0 1 0
 1 0 0 1 1 1 0 0 1 1 1 1 0 0 1 0 1 0 1 1 1 0 1 1 1 1 0 1 0 0 0 0 0 0 0 0 0
 0 0 0 1 0 0 0 0 0 0 0 0 1 0 0 0 0 0 0 0 0]
-0.060827990770746965 (2488.3130810260773)
[1 1 1 1 1 1 1 1 1 1 1 1 1 1 1 1 1 1 1 1 0 1 1 1 1 1 1 1 1 0 1 1 1 0 1 1 0
 0 0 1 1 0 1 1 1 0 0 0 0 0 1 0 0 1 1 1 0 1 1 1 0 1 1 0 0 0 1 1 0 1 1 1 0 0
 0 0 0 1 0 0 1 1 1 0 1 1 1 1 1 1 1 1 1 1 1 1 1 1 1 1 1 1 1 1 1 1 1 1 1 0 1
 0 1 1 1 1 1 1 1 1 1 1 1 1 1 1 1 1 1 1 1 1 1 1 1 1 1 1 1 1 1 1 1 1 1 1 1 1
 1 1 1 1 1 1 1 1 1 1 1 1 1 0 0 0 1 1 0 1 0 0 0 0 0 0 0 0 0 0 1 0 1 0 1 1 1
 1 1 1 0 1 1 1 1 1 1 0 1 1 0 1 1 1 1 1 1 1 1 1 1 1 1 1 1 1 1 1 1 1 1 1 1 1
 1 1 1 0 0 1 1 0 1 1 1 0 0 0 0 0 1 0 0 1 1 1 0 0 1 1 0 1 0 0 0 0 0 0 0 1 0
 0 1 0 1 0 1 1 0 1 0 1 0 0 0 0 0 1 0 0 1 1 1 0 1 1 1 1 1 1 1 1 1 1 1 1 1 1
 1 1 1 1 1 1 1 0 1 1 1 1 1 1 1 1 1 1 1 1 0 1 0 0 0 0 0 1 0 0 0 0 0 0 1 1 1
 1 1 1 1 1 0 1 1 1 1 1 1 0 0 1 0 0 1 0 1 1 1 1 0 1 1 1 1 1 1 1 1 1 1 1 1 0
 0 0 0 0 0 0 0 0 1 0 0 0 0 1 0 0 1 1 1 0 0 0 1 0 0 1 1 1 0 0 1 0 0 1 0 1 0
 1 0 0 1 1 0 0 0 1 1 1 1 0 0 1 0 1 0 1 1 1 0 1 1 1 1 0 1 0 0 0 0 0 1 0 0 0
 0 0 0 0 0 0 1 0 0 0 0 0 0 0 0 0 0 0 0 0 0]
-0.04353668876802885 (2502.8948690891266)
[1 1 1 1 1 1 1 1 1 1 1 1 1 1 1 1 1 1 1 1 1 1 1 1 1 1 1 1 1 0 1 1 1 0 1 1 0
 0 0 1 1 0 1 1 1 0 0 0 0 0 1 0 0 1 1 1 0 1 1 1 0 1 1 0 0 0 1 1 0 1 1 1 0 0
 0 0 0 1 0 0 1 1 1 0 1 1 1 1 1 1 1 1 1 1 1 1 1 1 1 1 1 1 1 1 1 1 1 1 1 1 1
 0 1 1 1 1 1 1 1 0 1 1 1 1 1 1 1 1 1 1 1 1 1 1 1 1 1 1 1 1 1 1 1 1 1 1 1 1
 1 1 1 1 1 1 1 1 1 1 1 1 1 0 0 0 1 1 0 1 0 0 0 0 0 0 0 0 0 0 0 0 1 0 1 1 1
 1 1 1 0 1 1 1 1 1 1 1 1 1 0 1 1 1 1 1 1 1 1 1 1 1 1 1 1 1 1 1 1 1 1 1 1 1
 1 1 1 0 0 1 1 0 1 1 1 0 0 0 0 0 1 0 0 1 1 1 0 0 1 1 0 1 1 0 0 0 0 0 0 1 0
 0 1 0 1 0 1 1 0 1 1 1 0 0 0 0 0 1 0 0 1 1 1 0 1 1 1 1 1 1 1 1 1 1 1 1 1 1
 1 1 1 1 1 1 1 1 1 1 0 1 1 1 1 1 1 1 1 1 0 1 0 0 0 0 0 1 0 0 0 0 1 0 1 1 1
 1 1 1 1 1 0 1 1 1 1 1 1 0 1 1 0 0 1 0 1 1 1 1 0 1 1 1 1 1 1 1 1 1 1 1 1 0
 0 0 0 0 0 0 0 0 1 0 0 0 0 1 0 0 1 1 1 0 0 0 1 0 0 1 1 1 0 0 0 0 0 1 0 1 0
 1 0 0 1 1 0 0 0 1 1 1 1 0 0 1 0 1 0 1 1 1 0 1 1 1 1 0 1 0 0 0 0 0 0 0 0 0
 1 0 0 0 0 0 0 0 0 0 0 0 0 0 0 0 0 0 1 0 0]
-0.042453855663382 (2612.1870431900024)
[1 1 1 1 1 1 1 1 1 1 1 1 1 0 1 1 1 1 1 1 1 1 1 1 1 1 1 1 1 0 1 1 1 0 1 1 0
 0 0 1 1 0 1 1 1 0 0 0 0 0 1 0 0 1 1 1 0 1 1 1 0 1 1 0 0 0 1 1 0 1 1 1 0 0
 0 0 0 1 0 0 1 1 1 0 1 1 1 1 1 1 1 1 1 1 1 1 1 1 1 1 1 1 1 1 1 1 1 1 1 1 1
 0 1 1 1 1 1 1 1 1 1 1 1 1 1 1 1 1 1 1 1 1 1 1 1 1 1 1 1 1 1 1 1 1 1 1 1 1
 1 1 1 1 1 1 1 1 1 1 1 1 1 0 0 0 1 1 0 1 0 0 0 0 0 0 0 0 0 0 1 1 1 0 1 1 1
 1 1 1 0 1 1 1 1 1 1 0 1 1 0 1 1 1 1 1 1 1 1 1 1 1 1 1 1 1 1 1 1 1 1 1 1 1
 1 1 1 0 0 1 1 0 1 1 1 0 0 0 0 0 1 0 0 1 1 1 0 0 1 1 0 1 0 0 0 0 0 0 0 1 0
 0 1 0 1 0 1 1 0 1 1 1 0 0 0 0 0 1 0 0 1 1 1 0 1 1 1 1 1 1 1 1 1 1 1 1 1 1
 1 1 1 1 1 1 1 0 1 1 1 1 1 1 1 1 1 1 1 1 0 1 0 0 0 0 0 1 0 0 0 0 0 0 1 1 1
 1 1 1 1 1 0 1 1 1 1 1 1 0 1 1 0 0 1 0 1 1 1 1 0 1 1 1 1 1 1 1 1 1 1 1 1 0
 0 0 0 0 0 0 0 0 1 0 0 0 0 1 0 0 1 1 1 0 0 0 1 0 0 1 1 1 0 0 1 0 0 1 0 1 0
 1 0 0 1 1 0 0 0 1 1 1 1 1 0 1 0 1 0 1 1 1 0 1 1 1 1 0 1 0 0 0 0 0 0 0 0 0
 0 0 0 0 1 0 0 0 0 0 0 0 0 1 0 0 0 0 0 0 0]
-0.04129356676196494 (2738.315742969513)
[1 1 1 1 1 1 1 1 1 1 1 1 1 1 1 1 1 1 1 1 1 1 1 1 1 1 1 1 1 0 1 1 1 0 1 1 0
 0 0 1 1 0 1 1 1 0 0 0 0 0 1 0 0 1 1 1 0 1 1 1 0 1 1 0 0 0 1 1 0 1 1 1 0 0
 0 0 0 1 0 0 1 1 1 0 1 1 1 1 1 1 1 1 1 1 1 1 1 1 1 1 1 1 1 1 1 1 1 1 1 1 1
 1 1 1 1 1 1 1 1 1 1 1 1 1 1 1 1 1 1 1 1 1 1 1 1 1 1 1 1 1 1 1 1 1 1 1 1 1
 1 1 1 1 1 1 1 1 1 1 1 1 1 0 0 0 1 1 0 1 0 0 0 0 0 0 0 0 0 0 1 1 1 0 1 1 1
 1 1 1 0 1 1 1 1 1 1 0 1 1 0 1 1 1 1 1 1 1 1 1 1 1 1 1 1 1 1 1 1 1 1 1 1 1
 1 1 1 0 0 1 1 0 1 1 1 0 0 0 0 0 1 0 0 1 1 1 0 0 1 1 0 1 0 0 0 0 0 0 0 1 0
 0 1 0 1 0 1 1 0 1 1 1 0 0 0 0 0 1 0 0 1 1 1 0 1 1 1 1 1 1 1 1 1 1 1 1 1 1
 1 1 1 1 1 1 1 0 1 1 1 1 1 1 1 1 1 1 1 1 0 1 0 0 0 0 0 1 0 0 0 0 0 0 1 1 1
 1 1 1 1 1 0 1 1 1 1 1 1 0 1 1 0 0 1 0 1 1 1 1 0 1 1 1 1 1 1 0 1 1 1 1 1 0
 0 0 0 0 0 0 0 0 1 0 0 0 0 1 0 0 1 1 1 0 0 0 1 0 0 1 1 1 0 0 1 0 0 1 0 1 0
 1 0 0 1 1 0 0 0 1 1 1 1 1 0 1 0 1 0 1 1 1 0 1 1 1 1 0 1 0 0 0 0 0 0 0 0 0
 0 0 0 0 0 0 0 0 0 0 0 0 0 0 0 1 0 0 0 1 0]
-0.032720365852526356 (2743.202039003372)
[1 1 1 1 1 1 1 1 1 1 1 1 1 1 1 1 1 1 1 1 0 1 1 1 1 1 1 1 1 0 1 1 1 0 1 1 0
 0 0 1 1 0 1 1 1 0 0 0 0 0 1 0 0 1 1 1 0 1 1 1 0 1 1 0 0 0 1 1 0 1 1 1 0 0
 0 0 0 1 0 0 1 1 1 0 1 1 1 1 1 1 1 1 1 1 1 1 1 1 1 1 1 1 1 1 1 1 1 1 1 1 1
 0 1 1 1 1 1 1 1 1 1 1 1 1 1 1 1 1 1 1 1 1 1 1 1 1 1 1 1 1 1 1 1 1 1 1 1 1
 1 1 1 1 1 1 1 1 1 1 1 1 1 0 0 0 1 1 0 1 0 0 0 0 0 0 0 0 0 0 0 0 1 0 1 1 1
 1 1 1 0 1 1 1 1 1 1 0 1 1 0 1 1 1 1 1 1 1 1 1 1 1 1 1 1 1 1 1 1 1 1 1 1 1
 1 1 1 0 0 1 1 0 1 1 1 0 0 0 0 0 1 0 0 1 1 1 0 0 1 1 0 1 1 0 0 0 0 0 0 1 0
 0 1 0 1 0 1 1 0 1 1 1 0 0 0 0 0 1 0 0 1 1 1 0 1 1 1 1 1 1 1 1 1 1 1 1 1 1
 1 1 1 1 1 1 1 0 1 1 0 1 1 1 1 1 1 1 1 1 0 1 0 0 0 0 0 1 0 0 0 0 1 0 1 1 1
 1 1 1 1 1 1 1 1 1 1 1 1 0 1 1 0 0 1 0 1 1 1 1 0 1 1 1 1 1 1 1 1 1 1 1 1 0
 0 0 0 0 0 0 0 0 1 0 0 0 0 1 0 0 1 1 1 0 0 0 1 0 0 1 1 1 0 0 1 0 0 1 0 1 0
 1 0 0 1 1 1 0 0 1 1 1 1 0 0 1 0 1 0 1 1 1 0 1 1 1 1 0 1 0 0 0 1 0 0 0 0 0
 0 0 0 0 0 0 1 0 0 0 0 0 0 0 0 0 0 0 0 0 0]
-0.03064182557636741 (2786.9132459163666)
[1 1 1 1 1 1 1 1 1 1 1 1 1 1 1 1 1 1 1 1 0 1 1 1 1 1 1 1 1 0 1 1 1 0 1 1 0
 0 0 1 1 0 1 1 1 0 0 0 0 0 1 0 0 1 1 1 0 1 1 1 0 1 1 0 0 0 1 1 0 1 1 1 0 0
 0 0 0 1 0 0 1 1 1 0 1 1 1 1 1 1 1 1 1 1 1 1 1 1 1 1 1 1 1 1 1 1 1 1 1 1 1
 0 1 1 1 1 1 1 1 1 1 1 1 1 1 1 1 1 1 1 1 1 1 1 1 1 1 1 1 1 1 1 1 1 1 1 1 1
 1 1 1 1 1 1 1 1 1 1 1 1 1 0 0 0 1 1 0 1 0 0 0 0 0 0 0 0 0 0 0 0 1 0 1 1 1
 1 1 1 0 1 1 1 1 1 1 0 1 1 0 1 1 1 1 1 1 1 1 1 1 1 1 1 1 1 1 1 1 1 1 1 1 1
 1 1 1 0 0 1 1 0 1 1 1 0 0 0 0 0 1 0 0 1 1 1 0 0 1 1 0 1 1 0 0 0 0 0 0 1 0
 0 1 0 1 0 1 1 0 1 1 1 0 0 0 0 0 1 0 0 1 1 1 0 1 1 1 1 1 1 1 1 1 1 1 1 1 1
 1 1 1 1 1 1 1 0 1 1 0 1 1 1 1 1 1 1 1 1 0 1 0 0 0 0 0 1 0 0 0 0 1 0 1 1 1
 1 1 1 1 1 1 1 1 1 1 1 1 0 1 1 0 0 1 0 1 1 1 1 0 1 1 1 1 1 1 1 1 1 1 1 1 0
 0 0 0 0 0 0 0 0 1 0 0 0 0 1 0 0 1 1 1 0 0 0 1 0 0 1 1 1 0 0 0 0 0 1 0 1 0
 1 0 0 1 1 1 0 0 1 1 1 1 0 0 1 0 1 0 1 1 1 0 1 1 1 1 0 1 0 0 0 1 0 0 0 0 0
 0 0 0 0 0 0 1 0 0 0 0 0 0 0 0 0 0 0 0 0 0]
-0.027124508997474095 (2786.91463804245)
[1 1 1 1 1 1 1 1 1 1 1 1 1 1 1 1 1 1 1 1 1 1 1 1 1 1 1 1 1 0 1 1 1 0 1 1 0
 0 0 1 1 0 1 1 1 0 0 0 0 0 1 0 0 1 1 1 0 1 1 1 0 1 1 0 0 0 1 1 0 1 1 1 0 0
 0 0 0 1 0 0 1 1 1 0 1 1 1 1 1 1 1 1 1 1 1 1 1 1 1 1 1 1 1 1 1 1 1 1 1 1 1
 1 1 1 1 1 1 1 1 1 1 1 1 1 1 1 1 1 1 1 1 1 1 1 1 1 1 1 1 1 1 1 1 1 1 1 1 1
 1 1 1 1 1 1 1 1 1 1 1 1 1 0 0 0 1 1 0 1 0 0 0 0 0 0 0 0 0 0 1 1 0 0 1 1 1
 1 1 1 0 1 1 1 1 1 1 0 1 1 0 1 1 1 1 1 1 1 1 1 1 1 1 1 1 1 1 1 1 1 1 1 1 1
 1 1 1 0 0 1 1 0 1 1 1 0 0 0 0 0 1 0 0 1 1 1 0 0 1 1 0 1 0 0 0 0 0 0 0 1 0
 0 1 0 1 0 1 1 0 1 1 1 0 0 0 0 0 1 0 0 1 1 1 0 1 1 1 1 1 1 1 1 1 1 1 1 1 1
 1 1 1 1 1 1 1 0 1 1 1 1 1 1 1 1 1 1 1 1 0 1 0 0 0 0 0 1 0 0 0 0 0 0 1 1 1
 1 1 1 1 1 0 1 1 1 1 1 1 0 1 1 0 0 1 0 1 1 1 1 0 1 1 1 1 1 1 1 1 1 1 1 1 0
 0 0 0 0 0 0 0 0 1 0 0 0 0 1 0 0 1 1 1 0 0 0 1 0 0 1 1 1 0 0 1 0 0 1 0 1 0
 1 0 0 1 1 1 0 0 1 1 1 1 1 0 1 0 1 0 1 1 1 0 1 1 1 1 0 1 0 1 0 0 0 0 0 0 0
 0 0 0 0 0 0 0 0 0 0 1 0 0 0 0 0 0 0 0 0 0]
-0.026661561239620823 (2934.3635160923004)
[1 1 1 1 1 1 1 1 1 1 1 1 1 1 1 1 1 1 1 1 1 1 1 1 1 1 1 1 1 0 1 1 1 0 1 1 0
 0 0 1 1 0 1 1 1 0 0 0 0 0 1 0 0 1 1 1 0 1 1 1 0 1 1 0 0 0 1 1 0 1 1 1 0 0
 0 0 0 1 0 0 1 1 1 0 1 1 1 1 1 1 1 1 1 1 1 1 1 1 1 1 1 1 1 1 1 1 1 1 1 1 1
 0 1 1 1 1 1 1 1 1 1 1 1 1 1 1 1 1 1 1 1 1 1 1 1 1 1 1 1 1 1 1 1 1 1 1 1 1
 1 1 1 1 1 1 1 1 1 1 1 1 1 0 0 0 1 1 0 1 0 0 0 0 0 0 0 1 0 0 1 1 1 0 1 1 1
 1 1 1 0 1 1 1 1 1 1 0 1 1 0 1 1 1 1 1 1 1 1 1 1 1 1 1 1 1 1 1 1 1 1 1 1 1
 1 1 1 0 0 1 1 0 1 1 1 0 0 0 0 0 1 0 0 1 1 1 0 0 1 1 0 1 0 0 0 0 0 0 0 1 0
 0 1 0 1 0 1 1 0 1 1 1 0 0 0 0 0 1 0 0 1 1 1 0 1 1 1 1 1 1 1 1 1 1 1 1 1 1
 1 1 1 1 1 1 1 0 1 1 1 1 1 1 1 1 1 1 1 1 0 1 0 0 0 0 0 1 0 0 0 0 0 0 1 1 1
 1 1 1 1 1 0 1 1 1 1 1 1 0 1 1 0 0 1 0 1 1 1 1 0 1 1 1 1 1 1 1 1 1 1 1 1 0
 0 0 0 0 0 0 0 0 1 0 0 0 0 1 0 0 1 1 1 0 0 0 1 0 0 1 1 1 0 0 1 0 0 1 0 1 0
 1 0 0 1 1 1 0 0 1 1 1 1 1 0 1 0 1 0 1 1 1 0 1 1 1 1 0 1 0 0 1 0 0 0 0 0 1
 0 0 0 0 0 0 0 0 0 0 0 0 0 0 0 0 0 0 0 0 0]
-0.0262730902960584 (2977.2771310806274)
[1 1 1 1 1 1 1 1 1 1 1 1 1 1 1 1 1 1 1 1 0 1 1 1 1 1 1 1 1 0 1 1 1 0 1 1 0
 0 0 1 1 0 1 1 1 0 0 0 0 0 1 0 0 1 1 1 0 1 1 1 0 1 1 0 0 0 1 1 0 1 1 1 0 0
 0 0 0 1 0 0 1 1 1 0 1 1 1 1 1 1 1 1 1 1 1 1 1 1 1 1 1 1 1 1 1 1 1 1 1 1 1
 1 1 1 1 1 1 1 1 1 1 1 1 1 1 1 1 1 1 1 1 1 1 1 1 1 1 1 1 1 1 1 1 1 1 1 1 1
 1 1 1 1 1 1 1 1 1 1 1 1 1 0 0 0 1 1 0 1 0 0 0 0 0 0 0 1 0 0 1 0 1 0 1 1 1
 1 1 1 0 1 1 1 1 1 1 0 1 1 0 1 1 1 1 1 1 1 1 1 1 1 1 1 1 1 1 1 1 1 1 1 1 1
 1 1 1 0 0 1 1 0 1 1 1 0 0 0 0 0 1 0 0 1 1 1 0 0 1 1 0 1 1 0 0 0 0 0 0 1 0
 0 1 0 1 0 1 1 0 1 1 1 0 0 0 0 0 1 0 0 1 1 1 0 1 1 1 1 1 1 1 1 1 1 1 1 1 1
 1 1 1 1 1 1 1 0 1 1 0 1 1 1 1 1 1 1 1 1 0 1 0 0 0 0 0 1 0 0 0 0 1 0 1 1 1
 1 1 1 1 1 1 1 1 1 1 1 1 0 1 1 0 0 1 0 1 1 1 1 0 1 1 1 1 1 1 1 1 1 1 1 1 0
 0 0 0 1 0 0 0 0 1 0 0 0 0 1 0 0 1 1 1 0 0 0 1 0 0 1 1 1 0 0 1 0 0 1 0 1 0
 1 0 0 1 1 1 0 1 1 1 1 1 0 0 1 0 1 0 1 1 1 0 1 1 1 1 0 1 0 0 1 0 0 0 0 0 1
 0 0 0 0 0 0 0 0 0 0 0 0 0 0 0 0 0 0 0 0 0]
-0.024206925622877407 (2977.282428264618)
[1 1 1 1 1 1 1 1 1 1 1 1 1 1 1 1 1 1 1 1 1 1 1 1 1 1 1 1 1 0 1 1 1 0 1 1 0
 0 0 1 1 0 1 1 1 0 0 0 0 0 1 0 0 1 1 1 0 1 1 1 0 1 1 0 0 0 1 1 0 1 1 1 0 0
 0 0 0 1 0 0 1 1 1 0 1 1 1 1 1 1 1 1 1 1 1 1 1 1 1 1 1 1 1 1 1 1 1 1 1 1 1
 0 1 1 1 1 1 1 1 1 1 1 1 1 1 1 1 1 1 1 1 1 1 1 1 1 1 1 1 1 1 1 1 1 1 1 1 1
 1 1 1 1 1 1 1 1 1 1 1 1 1 0 0 0 1 1 0 1 0 0 0 0 0 0 0 1 0 0 1 1 1 0 1 1 1
 1 1 1 0 1 1 1 1 1 1 0 1 1 0 1 1 1 1 1 1 1 1 1 1 1 1 1 1 1 1 1 1 1 1 1 1 1
 1 1 1 0 0 1 1 0 1 1 1 0 0 0 0 0 1 0 0 1 1 1 0 0 1 1 0 1 0 0 0 0 0 0 0 1 0
 0 1 0 1 0 1 1 0 1 1 1 0 0 0 0 0 1 0 0 1 1 1 0 1 1 1 1 1 1 1 1 1 1 1 1 1 1
 1 1 1 1 1 1 1 1 1 1 1 1 1 1 1 1 1 1 1 1 0 1 0 0 0 0 0 1 0 0 0 0 0 0 1 1 1
 1 1 1 1 1 0 1 1 1 1 1 1 0 1 1 0 0 1 0 1 1 1 1 0 1 1 1 1 1 1 1 1 1 1 1 1 0
 0 0 0 0 0 0 0 0 1 0 0 0 0 1 0 0 1 1 1 0 0 0 1 0 0 1 1 1 0 0 1 0 0 1 0 1 0
 1 0 0 1 1 1 0 0 1 1 1 1 1 0 1 0 1 0 1 1 1 0 1 1 1 1 0 1 0 0 0 0 1 0 0 0 1
 0 0 0 0 0 0 0 0 0 0 0 0 0 0 0 0 0 0 0 0 0]
-0.023812466252081776 (2981.4688670635223)
[1 1 1 1 1 1 1 1 1 1 1 1 1 1 1 1 1 1 1 1 1 1 1 1 1 1 1 1 1 0 1 1 1 0 1 1 0
 0 0 1 1 0 1 1 1 0 0 0 0 0 1 0 0 1 1 1 0 1 1 1 0 1 1 0 0 0 1 1 0 1 1 1 0 0
 0 0 0 1 0 0 1 1 1 0 1 1 1 1 1 1 1 1 1 1 1 1 1 1 1 1 1 1 1 1 1 1 1 1 1 1 1
 1 1 1 1 1 1 1 1 1 1 1 1 1 1 1 1 1 1 1 1 1 1 1 1 1 1 1 1 1 1 1 1 1 1 1 1 1
 1 1 1 1 1 1 1 1 1 1 1 1 1 0 0 0 1 1 0 1 0 0 0 0 0 0 0 0 0 0 1 0 0 0 1 1 1
 1 1 1 0 1 1 1 1 1 1 0 1 1 0 1 1 1 1 1 1 1 1 1 1 1 1 1 1 1 1 1 1 1 1 1 1 1
 1 1 1 0 0 1 1 0 1 1 1 0 0 0 0 0 1 0 0 1 1 1 0 0 1 1 0 1 0 0 0 0 0 0 0 1 0
 0 1 0 1 0 1 1 0 1 1 1 0 0 0 0 0 1 0 0 1 1 1 0 1 1 1 1 1 1 1 1 1 1 1 1 1 1
 1 1 1 1 1 1 1 0 1 1 1 1 1 1 1 1 1 1 1 1 0 1 0 0 0 0 0 1 0 0 1 0 0 0 1 1 1
 1 1 1 1 1 0 1 1 1 1 1 1 0 1 1 0 0 1 0 1 1 1 1 1 1 1 1 1 1 1 1 1 1 1 1 1 0
 0 0 0 0 0 0 0 0 1 0 0 0 0 1 0 0 1 1 1 0 0 0 1 0 0 1 1 1 0 0 1 0 0 0 0 1 0
 1 0 0 1 1 1 0 0 1 1 1 1 1 0 1 0 1 0 1 1 1 0 1 1 1 1 0 1 0 0 0 0 0 1 0 0 0
 0 0 0 0 0 0 0 0 0 0 0 0 0 0 0 0 0 1 0 0 0]
-0.020242099480526576 (3013.2068049907684)
[1 1 1 1 1 1 1 1 1 1 1 1 1 1 1 1 1 1 1 1 1 1 1 1 1 1 1 1 1 0 1 1 1 0 1 1 0
 0 0 1 1 0 1 1 1 0 0 0 0 0 1 0 0 1 1 1 0 1 1 1 0 1 1 0 0 0 1 1 0 1 1 1 0 0
 0 0 0 1 0 0 1 1 1 0 1 1 1 1 1 1 1 1 1 1 1 1 1 1 1 1 1 1 1 1 1 1 1 1 1 1 1
 1 1 1 1 1 1 1 1 1 1 1 1 1 1 1 1 1 1 1 1 1 1 1 1 1 1 1 1 1 1 1 1 1 1 1 1 1
 1 1 1 1 1 1 1 1 1 1 1 1 0 0 0 0 1 1 0 1 0 0 0 0 0 0 0 0 0 0 1 0 0 0 1 1 1
 1 1 1 0 1 1 1 1 1 1 0 1 1 0 1 1 1 1 1 1 1 1 1 1 1 1 1 1 1 1 1 1 1 1 1 1 1
 1 1 1 0 0 1 1 0 1 1 1 0 0 0 0 0 1 0 0 1 1 1 0 0 1 1 0 1 0 0 0 0 0 0 0 1 0
 0 1 0 1 0 1 1 0 1 1 1 0 0 0 0 0 1 0 0 1 1 1 0 1 1 1 1 1 1 1 1 1 1 1 1 1 1
 1 1 1 1 1 1 1 0 1 1 1 1 1 1 1 1 1 1 1 1 0 1 0 0 0 0 0 1 0 0 1 0 1 0 1 1 1
 1 1 1 1 1 0 1 1 1 1 1 1 0 1 1 0 0 1 0 1 1 1 1 1 1 1 1 1 1 1 1 1 1 1 1 1 0
 0 0 0 0 0 0 0 0 1 0 0 0 0 1 0 0 1 1 1 0 0 0 1 0 0 1 1 1 0 0 1 0 0 0 0 1 0
 1 0 0 1 1 1 0 0 1 1 1 1 1 0 1 0 1 0 1 1 1 0 1 1 1 1 0 1 0 0 1 0 0 0 0 0 0
 0 0 0 0 0 0 0 0 0 0 0 0 1 0 0 0 0 0 0 0 0]
-0.019637560105252305 (3082.1064620018005)
[1 1 1 1 1 1 1 1 1 1 1 1 1 1 1 1 1 1 1 1 1 1 1 1 1 1 1 1 1 0 1 1 1 0 1 1 0
 0 0 1 1 0 1 1 1 0 0 0 0 0 1 0 0 1 1 1 0 1 1 1 0 1 1 0 0 0 1 1 0 1 1 1 0 0
 0 0 0 1 0 0 1 1 1 0 1 1 1 1 1 1 1 1 1 1 1 1 1 1 1 1 1 1 1 1 1 1 1 1 1 1 1
 1 1 1 1 1 1 1 1 1 1 1 1 1 1 1 1 1 1 1 1 1 1 1 1 1 1 1 1 1 1 1 1 1 1 1 1 1
 1 1 1 1 1 1 1 1 1 1 1 1 1 0 0 0 1 1 0 1 0 0 0 0 0 0 0 1 0 0 1 1 1 0 1 1 1
 1 1 1 0 1 1 1 1 1 1 0 1 1 0 1 1 1 1 1 1 1 1 1 1 1 1 1 1 1 1 1 1 1 1 1 1 1
 1 1 1 0 0 1 1 0 1 1 1 0 0 0 0 0 1 0 0 1 1 1 0 0 1 1 0 1 0 0 0 0 0 0 0 1 0
 0 1 0 1 0 1 1 0 1 1 1 0 0 0 0 0 1 0 0 1 1 1 0 1 1 1 1 1 1 1 1 1 1 1 1 1 1
 1 1 1 1 1 1 1 1 1 1 1 1 1 1 1 1 1 1 1 1 0 1 0 0 0 0 0 1 0 0 0 0 1 0 1 1 1
 1 1 1 1 1 0 1 1 1 1 1 1 0 1 1 0 0 1 0 1 1 1 1 0 1 1 1 1 1 1 1 1 1 1 1 1 0
 0 0 0 0 0 0 0 0 0 0 0 0 0 1 0 0 1 1 1 0 0 0 1 0 0 1 1 1 0 0 1 0 0 1 0 1 0
 1 0 0 1 1 1 0 0 1 1 1 1 1 0 1 0 1 0 1 1 1 0 1 1 1 1 0 1 1 1 0 0 0 0 0 0 0
 0 0 0 0 0 0 0 0 0 0 0 0 0 0 0 0 0 0 0 0 0]
-0.017078076469488224 (3146.982620239258)
[1 1 1 1 1 1 1 1 1 1 1 1 1 1 1 1 1 1 1 1 1 1 1 1 1 1 1 1 1 0 1 1 1 0 1 1 0
 0 0 1 1 0 1 1 1 0 0 0 0 0 1 0 0 1 1 1 0 1 1 1 0 1 1 0 0 0 1 1 0 1 1 1 0 0
 0 0 0 1 0 0 1 1 1 0 1 1 1 1 1 1 1 1 1 1 1 1 1 1 1 1 1 1 1 1 1 1 1 1 1 1 1
 1 1 1 1 1 1 1 1 1 1 1 1 1 1 1 1 1 1 1 1 1 1 1 1 1 1 1 1 1 1 1 1 1 1 1 1 1
 1 1 1 1 1 1 1 1 1 1 1 1 1 0 0 0 1 1 0 1 0 0 0 0 0 0 0 1 0 0 1 1 1 0 1 1 1
 1 1 1 0 1 1 1 1 1 1 0 1 1 0 1 1 1 1 1 1 1 1 1 1 1 1 1 1 1 1 1 1 1 1 1 1 1
 1 1 1 0 0 1 1 0 1 1 1 0 0 0 0 0 1 0 0 1 1 1 0 0 1 1 0 1 0 0 0 0 0 0 0 1 0
 0 1 0 1 0 1 1 0 1 1 1 0 0 0 0 0 1 0 0 1 1 1 0 1 1 1 1 1 1 1 1 1 1 1 1 1 1
 1 1 1 1 1 1 1 1 1 1 1 1 1 1 1 1 1 1 1 1 0 1 0 0 0 0 0 1 0 0 0 0 0 0 1 1 1
 1 1 1 1 1 0 1 1 1 1 1 1 0 1 1 0 0 1 0 1 1 1 1 0 1 1 1 1 1 1 1 1 1 1 1 1 0
 0 0 0 0 0 0 0 0 1 0 0 0 0 1 0 0 1 1 1 0 0 0 1 0 0 1 1 1 0 0 1 0 0 1 0 1 0
 1 0 0 1 1 1 0 0 1 1 1 1 1 0 1 0 1 0 1 1 1 0 1 1 1 1 0 1 1 1 0 0 0 0 0 0 0
 0 0 0 0 0 0 0 0 0 0 0 0 0 0 0 0 0 0 0 0 0]
-0.016662733751616088 (3147.009449005127)
[1 1 1 1 1 1 1 1 1 1 1 1 1 1 1 1 1 1 1 1 1 1 1 1 1 1 1 1 1 0 1 1 1 0 1 1 0
 0 0 1 1 0 1 1 1 0 0 0 0 0 1 0 0 1 1 1 0 1 1 1 0 1 1 0 0 0 1 1 0 1 1 1 0 0
 0 0 0 1 0 0 1 1 1 0 1 1 1 1 1 1 1 1 1 1 1 1 1 1 1 1 1 1 1 1 1 1 1 1 1 1 1
 1 1 1 1 1 1 1 1 1 1 1 1 1 1 1 1 1 1 1 1 1 1 1 1 1 1 1 1 1 1 1 1 1 1 1 1 1
 1 1 1 1 1 1 1 1 1 1 1 1 1 0 0 0 1 1 0 1 0 0 0 0 0 0 0 1 0 0 1 1 1 0 1 1 1
 1 1 1 0 1 1 1 1 1 1 0 1 1 0 1 1 1 1 1 1 1 1 1 1 1 1 1 1 1 1 1 1 1 1 1 1 1
 1 1 1 0 0 1 1 0 1 1 1 0 0 0 0 0 1 0 0 1 1 1 0 0 1 1 0 1 0 0 0 0 0 0 0 1 0
 0 1 0 1 0 1 1 0 1 1 1 0 0 0 0 0 1 0 0 1 1 1 0 1 1 1 1 1 1 1 1 1 1 1 1 1 1
 1 1 1 1 1 1 1 1 1 1 1 1 1 1 1 1 1 1 1 1 0 1 0 0 0 0 0 1 0 0 0 0 0 0 1 1 1
 1 1 1 1 1 0 1 1 1 1 1 1 0 1 1 0 0 1 0 1 1 1 1 0 1 1 1 1 1 1 1 1 1 1 1 1 0
 0 0 0 1 0 0 0 0 1 0 0 0 0 1 0 0 1 1 1 0 0 0 1 0 0 1 1 1 0 0 1 0 0 1 0 1 0
 1 0 0 1 1 1 0 0 1 1 1 1 1 0 1 0 1 0 1 1 1 0 1 1 1 1 0 1 0 0 0 0 0 0 0 0 0
 0 0 0 0 0 0 0 1 0 0 1 0 0 0 0 0 0 0 0 0 0]
-0.014896372034911565 (3294.3232293128967)
[1 1 1 1 1 1 1 1 1 1 1 1 1 1 1 1 1 1 1 1 1 1 1 1 1 1 1 1 1 0 1 1 1 0 1 1 0
 0 0 1 1 0 1 1 1 0 0 0 0 0 1 0 0 1 1 1 0 1 1 1 0 1 1 0 0 0 1 1 0 1 1 1 0 0
 0 0 0 1 0 0 1 1 1 0 1 1 1 1 1 1 1 1 1 1 1 1 1 1 1 1 1 1 1 1 1 1 1 1 1 1 1
 1 1 1 1 1 1 1 1 1 1 1 1 1 1 1 1 1 1 1 1 1 1 1 1 1 1 1 1 1 1 1 1 1 1 1 1 1
 1 1 1 1 1 1 1 1 1 1 1 1 1 0 0 0 1 1 0 1 0 0 0 0 0 0 0 1 0 0 1 1 1 0 1 1 1
 1 1 1 0 1 1 1 1 1 1 1 1 1 0 1 1 1 1 1 1 1 1 1 1 1 1 1 1 1 1 1 1 1 1 1 1 1
 1 1 1 0 0 1 1 0 1 1 1 0 0 0 0 0 1 0 0 1 1 1 0 0 1 1 0 1 0 0 0 0 0 0 0 1 0
 0 1 0 1 0 1 1 0 1 1 1 0 0 0 0 0 1 0 0 1 1 1 0 1 1 1 1 1 1 1 1 1 1 1 1 1 1
 1 1 1 1 1 1 1 1 1 1 1 1 1 1 1 1 1 1 1 1 0 1 0 0 0 0 0 1 0 0 0 0 0 0 1 1 1
 1 1 1 1 1 0 1 1 1 1 1 1 0 1 1 0 0 1 0 1 1 1 1 0 1 1 1 1 1 1 1 1 1 1 1 1 0
 0 0 0 0 0 0 0 0 1 0 0 0 0 1 0 0 1 1 1 0 0 0 1 0 0 1 1 1 0 0 1 0 0 1 0 1 0
 1 0 0 1 1 1 0 0 1 1 1 1 1 0 1 0 1 0 1 1 1 0 1 1 1 1 0 1 0 0 0 0 0 0 0 0 0
 0 0 0 0 0 0 0 0 0 1 0 0 0 0 0 1 0 0 0 0 0]
-0.014261971355438163 (3310.2554140090942)
[1 1 1 1 1 1 1 1 1 1 1 1 1 1 1 1 1 1 1 1 1 1 1 1 1 1 1 1 1 0 1 1 1 0 1 1 0
 0 0 1 1 0 1 1 1 0 0 0 0 0 1 0 0 1 1 1 0 1 1 1 0 1 1 0 0 0 1 1 0 1 1 1 0 0
 0 0 0 1 0 0 1 1 1 0 1 1 1 1 1 1 1 1 1 1 1 1 1 1 1 1 1 1 1 1 1 1 1 1 1 1 1
 1 1 1 1 1 1 1 1 1 1 1 1 1 1 1 1 1 1 1 1 1 1 1 1 1 1 1 1 1 1 1 1 1 1 1 1 1
 1 1 1 1 1 1 1 1 1 1 1 1 1 0 0 0 1 1 0 1 0 0 0 0 0 0 0 1 0 0 1 1 1 0 1 1 1
 1 1 1 0 1 1 1 1 1 1 1 1 1 0 1 1 1 1 1 1 1 1 1 1 1 1 1 1 1 1 1 1 1 1 1 1 1
 1 1 1 0 0 1 1 0 1 1 1 0 0 0 0 0 1 0 0 1 1 1 0 0 1 1 0 1 0 0 0 0 0 0 0 1 0
 0 1 0 1 0 1 1 0 1 1 1 0 0 0 0 0 1 0 0 1 1 1 0 1 1 1 1 1 1 1 1 1 1 1 1 1 1
 1 1 1 1 1 1 1 1 1 1 1 1 1 1 1 1 1 1 1 1 0 1 0 0 0 0 0 1 0 0 0 0 1 0 1 1 1
 1 1 1 1 1 0 1 1 1 1 1 1 0 1 1 0 0 1 0 1 1 1 1 0 1 1 1 1 1 1 1 1 1 1 1 1 0
 0 0 0 0 0 0 0 0 1 0 0 0 0 1 0 0 1 1 1 0 0 0 1 0 0 1 1 1 0 0 1 0 0 1 0 1 0
 1 0 0 1 1 1 0 0 1 1 1 1 1 0 1 0 1 0 1 1 1 0 1 1 1 1 0 1 0 0 0 0 0 0 0 1 0
 0 0 0 0 0 0 0 0 0 0 0 0 0 0 0 0 0 0 0 1 0]
-0.012732744091181303 (3365.3674302101135)
[1 1 1 1 1 1 1 1 1 1 1 1 1 1 1 1 1 1 1 1 1 1 1 1 1 1 1 1 1 0 1 1 1 0 1 1 0
 0 0 1 1 0 1 1 1 0 0 0 0 0 1 0 0 1 1 1 0 1 1 1 0 1 1 0 0 0 1 1 0 1 1 1 0 0
 0 0 0 1 0 0 1 1 1 0 1 1 1 1 1 1 1 1 1 1 1 1 1 1 1 1 1 1 1 1 1 1 1 1 1 1 1
 1 1 1 1 1 1 1 1 1 1 1 1 1 1 1 1 1 1 1 1 1 1 1 1 1 1 1 1 1 1 1 1 1 1 1 1 1
 1 1 1 1 1 1 1 1 1 1 1 1 1 0 0 0 1 1 0 1 0 0 0 0 0 0 0 1 0 0 1 1 1 0 1 1 1
 1 1 1 0 1 1 1 1 1 1 1 1 1 0 1 1 1 1 1 1 1 1 1 1 1 1 1 1 1 1 1 1 1 1 1 1 1
 1 1 1 0 0 1 1 0 1 1 1 0 0 0 0 0 1 0 0 1 1 1 0 0 1 1 0 1 0 0 0 0 0 0 0 1 0
 0 1 0 1 0 1 1 0 1 1 1 0 0 0 0 0 1 0 0 1 1 1 0 1 1 1 1 1 1 1 1 1 1 1 1 1 1
 1 1 1 1 1 1 1 1 1 1 1 1 1 1 1 1 1 1 1 1 0 1 0 0 0 0 0 1 0 0 1 0 0 0 1 1 1
 1 1 1 1 1 0 1 1 1 1 1 1 0 1 1 0 0 1 0 1 1 1 1 0 1 1 1 1 1 1 1 1 1 1 1 1 0
 0 0 0 1 0 0 0 0 1 0 0 0 0 1 0 0 1 1 1 0 0 0 1 0 0 1 1 1 0 0 1 0 0 1 0 1 0
 1 0 0 1 1 1 0 0 1 1 1 1 1 0 1 0 1 0 1 1 1 0 1 1 1 1 0 1 0 0 0 0 0 0 0 0 0
 1 0 0 0 0 0 0 0 0 0 0 0 0 0 0 0 0 0 1 0 0]
-0.012333389315188015 (3518.463273048401)
[1 1 1 1 1 1 1 1 1 1 1 1 1 1 1 1 1 1 1 1 1 1 1 1 1 1 1 1 1 0 1 1 1 0 1 1 0
 0 0 1 1 0 1 1 1 0 0 0 0 0 1 0 0 1 1 1 0 1 1 1 0 1 1 0 0 0 1 1 0 1 1 1 0 0
 0 0 0 1 0 0 1 1 1 0 1 1 1 1 1 1 1 1 1 1 1 1 1 1 1 1 1 1 1 1 1 1 1 1 1 1 1
 1 1 1 1 1 1 1 1 1 1 1 1 1 1 1 1 1 1 1 1 1 1 1 1 1 1 1 1 1 1 1 1 1 1 1 1 1
 1 1 1 1 1 1 1 1 1 1 1 1 1 0 0 0 1 1 0 1 0 0 0 0 0 0 0 1 0 0 1 1 1 0 1 1 1
 1 1 1 0 1 1 1 1 1 1 1 1 1 0 1 1 1 1 1 1 1 1 1 1 1 1 1 1 1 1 1 1 1 1 1 1 1
 1 1 1 0 0 1 1 0 1 1 1 0 0 0 0 0 1 0 0 1 1 1 0 0 1 1 0 1 0 0 0 0 0 0 0 1 0
 0 1 0 1 0 1 1 0 1 1 1 0 0 0 0 0 1 0 0 1 1 1 0 1 1 1 1 1 1 1 1 1 1 1 1 1 1
 1 1 1 1 1 1 1 1 1 1 1 1 1 1 1 1 1 1 1 1 0 1 0 0 0 0 0 1 0 0 1 0 1 0 1 1 1
 1 1 1 1 1 0 1 1 1 1 1 1 0 1 1 0 0 1 0 1 1 1 1 0 1 1 1 1 1 1 1 1 1 1 1 1 0
 0 0 0 0 0 0 0 0 1 0 0 0 0 1 0 0 1 1 1 0 0 0 1 0 0 1 1 1 0 0 1 0 0 1 0 1 0
 1 0 0 1 1 1 0 0 1 1 1 1 1 0 1 0 1 0 1 1 1 0 1 1 1 1 0 1 0 0 0 0 0 0 0 0 0
 0 0 0 0 0 0 0 0 0 0 0 0 0 1 0 0 0 0 0 0 1]
-0.011475159712290406 (3529.910989999771)
[1 1 1 1 1 1 1 1 1 1 1 1 1 1 1 1 1 1 1 1 1 1 1 1 1 1 1 1 1 0 1 1 1 0 1 1 0
 0 0 1 1 0 1 1 1 0 0 0 0 0 1 0 0 1 1 1 0 1 1 1 0 1 1 0 0 0 1 1 0 1 1 1 0 0
 0 0 0 1 0 0 1 1 1 0 1 1 1 1 1 1 1 1 1 1 1 1 1 1 1 1 1 1 1 1 1 1 1 1 1 1 1
 1 1 1 1 1 1 1 1 1 1 1 1 1 1 1 1 1 1 1 1 1 1 1 1 1 1 1 1 1 1 1 1 1 1 1 1 1
 1 1 1 1 1 1 1 1 1 1 1 1 1 0 0 0 1 1 0 1 0 0 0 0 0 0 0 1 0 0 1 1 1 0 1 1 1
 1 1 1 0 1 1 1 1 1 1 1 1 1 0 1 1 1 1 1 1 1 1 1 1 1 1 1 1 1 1 1 1 1 1 1 1 1
 1 1 1 0 0 1 1 0 1 1 1 0 0 0 0 0 1 0 0 1 1 1 0 0 1 1 0 1 0 0 0 0 0 0 0 1 0
 0 1 0 1 0 1 1 0 1 1 1 0 0 0 0 0 1 0 0 1 1 1 0 1 1 1 1 1 1 1 1 1 1 1 1 1 1
 1 1 1 1 1 1 1 1 1 1 1 1 1 1 1 1 1 1 1 1 0 1 0 0 0 0 0 1 0 0 0 0 1 0 1 1 1
 1 1 1 1 1 0 1 1 1 1 1 1 0 1 1 0 0 1 0 1 1 1 1 0 1 1 1 1 1 1 1 1 1 1 1 1 0
 0 0 0 1 0 0 0 0 1 0 0 0 0 1 0 0 1 1 1 0 0 0 1 0 0 1 1 1 0 0 1 0 0 1 0 1 0
 1 0 0 1 1 1 0 1 1 1 1 1 1 0 1 0 1 0 1 1 1 0 1 1 1 1 0 1 0 0 0 0 0 0 0 0 0
 0 0 0 0 0 0 0 0 0 1 0 0 1 0 0 0 0 0 0 0 0]
-0.010551979298099923 (3540.7775180339813)
[1 1 1 1 1 1 1 1 1 1 1 1 1 1 1 1 1 1 1 1 1 1 1 1 1 1 1 1 1 0 1 1 1 0 1 1 0
 0 0 1 1 0 1 1 1 0 0 0 0 0 1 0 0 1 1 1 0 1 1 1 0 1 1 0 0 0 1 1 0 1 1 1 0 0
 0 0 0 1 0 0 1 1 1 0 1 1 1 1 1 1 1 1 1 1 1 1 1 1 1 1 1 1 1 1 1 1 1 1 1 1 1
 1 1 1 1 1 1 1 1 1 1 1 1 1 1 1 1 1 1 1 1 1 1 1 1 1 1 1 1 1 1 1 1 1 1 1 1 1
 1 1 1 1 1 1 1 1 1 1 1 1 1 0 0 0 1 1 0 1 0 0 0 0 0 0 0 1 0 0 1 1 1 0 1 1 1
 1 1 1 0 1 1 1 1 1 1 1 1 1 1 1 1 1 1 1 1 1 1 1 1 1 1 1 1 1 1 1 1 1 1 1 1 1
 1 1 1 0 0 1 1 0 1 1 1 0 0 0 0 0 1 0 0 1 1 1 0 0 1 1 0 1 0 0 0 0 0 0 0 1 0
 0 1 0 1 0 1 1 0 1 1 1 0 0 0 0 0 1 0 0 1 1 1 0 1 1 1 1 1 1 1 1 1 1 1 1 1 1
 1 1 1 1 1 1 1 1 1 1 1 1 1 1 1 1 1 1 1 1 0 1 0 0 0 0 0 1 0 0 0 0 1 0 1 1 1
 1 1 1 1 1 0 1 1 1 1 1 1 0 1 1 0 0 1 0 1 1 1 1 0 1 1 1 1 1 1 1 1 1 1 1 1 0
 0 0 0 1 0 0 0 0 1 0 0 0 0 1 0 0 1 1 1 0 0 0 1 0 0 1 1 1 0 0 1 0 0 1 0 1 0
 1 0 0 1 1 1 0 1 1 1 1 1 1 0 1 0 1 0 1 1 1 0 1 1 1 1 0 1 0 0 0 0 0 0 1 0 0
 0 0 0 0 0 0 0 0 1 0 0 0 0 0 0 0 0 0 0 0 0]
-0.009644028272077776 (3622.916876077652)
[1 1 1 1 1 1 1 1 1 1 1 1 1 1 1 1 1 1 1 1 1 1 1 1 1 1 1 1 1 0 1 1 1 0 1 1 0
 0 0 1 1 0 1 1 1 0 0 0 0 0 1 0 0 1 1 1 0 1 1 1 0 1 1 0 0 0 1 1 0 1 1 1 0 0
 0 0 0 1 0 0 1 1 1 0 1 1 1 1 1 1 1 1 1 1 1 1 1 1 1 1 1 1 1 1 1 1 1 1 1 1 1
 1 1 1 1 1 1 1 1 1 1 1 1 1 1 1 1 1 1 1 1 1 1 1 1 1 1 1 1 1 1 1 1 1 1 1 1 1
 1 1 1 1 1 1 1 1 1 1 1 1 1 0 0 0 1 1 0 1 0 0 0 0 0 0 0 1 0 0 1 1 1 0 1 1 1
 1 1 1 0 1 1 1 1 1 1 1 1 1 0 1 1 1 1 1 1 1 1 1 1 1 1 1 1 1 1 1 1 1 1 1 1 1
 1 1 1 0 0 1 1 0 1 1 1 0 0 0 0 0 1 0 0 1 1 1 0 0 1 1 0 1 0 0 0 0 0 0 0 1 0
 0 1 0 1 0 1 1 0 1 1 1 0 0 0 0 0 1 0 0 1 1 1 0 1 1 1 1 1 1 1 1 1 1 1 1 1 1
 1 1 1 1 1 1 1 1 1 1 1 1 1 1 1 1 1 1 1 1 0 1 0 0 0 0 0 1 0 0 1 0 1 0 1 1 1
 1 1 1 1 1 0 1 1 1 1 1 1 0 1 1 0 0 1 0 1 1 1 1 0 1 1 1 1 1 1 0 1 1 1 1 1 0
 0 0 0 0 0 0 0 0 1 0 0 0 0 1 0 0 1 1 1 0 0 0 1 0 0 1 1 1 0 0 1 0 0 1 0 1 0
 1 0 0 1 1 1 0 0 1 1 1 1 1 0 1 0 1 0 1 1 1 0 1 1 1 1 0 1 1 0 0 0 0 0 0 0 0
 0 0 0 0 0 0 0 0 0 0 0 0 0 1 0 0 0 0 0 0 0]
-0.009055110494159635 (3781.420112133026)
[1 1 1 1 1 1 1 1 1 1 1 1 1 1 1 1 1 1 1 1 1 1 1 1 1 1 1 1 1 0 1 1 1 0 1 1 0
 0 0 1 1 0 1 1 1 0 0 0 0 0 1 0 0 1 1 1 0 1 1 1 0 1 1 0 0 0 1 1 0 1 1 1 0 0
 0 0 0 1 0 0 1 1 1 0 1 1 1 1 1 1 1 1 1 1 1 1 1 1 1 1 1 1 1 1 1 1 1 1 1 1 1
 1 1 1 1 1 1 1 1 1 1 1 1 1 1 1 1 1 1 1 1 1 1 1 1 1 1 1 1 1 1 1 1 1 1 1 1 1
 1 1 1 1 1 1 1 1 1 1 1 1 1 0 0 0 1 1 0 1 0 0 0 0 0 0 0 1 0 0 1 1 1 0 1 1 1
 1 1 1 0 1 1 1 1 1 1 1 1 1 0 1 1 1 1 1 1 1 1 1 1 1 1 1 1 1 1 1 1 1 1 1 1 1
 1 1 1 0 0 1 1 0 1 1 1 0 0 0 0 0 1 0 0 1 1 1 0 0 1 1 0 1 0 0 0 0 0 0 0 1 0
 0 1 0 1 0 1 1 0 1 1 1 0 0 0 0 0 1 0 0 1 1 1 0 1 1 1 1 1 1 1 1 1 1 1 1 1 1
 1 1 1 1 1 1 1 1 1 1 1 1 1 1 1 1 1 1 1 1 0 1 0 0 0 0 0 1 0 0 0 0 1 0 1 1 1
 1 1 1 1 1 1 1 1 1 1 1 1 0 1 1 0 0 1 0 1 1 1 1 0 1 1 1 1 1 1 1 1 1 1 1 1 0
 0 0 0 1 0 0 0 0 1 0 0 0 0 1 0 0 1 1 1 0 0 0 1 0 0 1 1 1 0 0 1 0 0 1 0 1 0
 1 0 0 1 1 1 0 1 1 1 1 1 1 0 1 0 1 0 1 1 1 0 1 1 1 1 0 1 0 0 0 0 0 0 0 0 0
 0 0 1 0 0 0 0 0 0 0 0 0 0 0 0 1 0 0 0 0 0]
-0.0090349256225295 (3881.0838992595673)
[1 1 1 1 1 1 1 1 1 1 1 1 1 1 1 1 1 1 1 1 1 1 1 1 1 1 1 1 1 0 1 1 1 0 1 1 0
 0 0 1 1 0 1 1 1 0 0 0 0 0 1 0 0 1 1 1 0 1 1 1 0 1 1 0 0 0 1 1 0 1 1 1 0 0
 0 0 0 1 0 0 1 1 1 0 1 1 1 1 1 1 1 1 1 1 1 1 1 1 1 1 1 1 1 1 1 1 1 1 1 1 1
 1 1 1 1 1 1 1 1 1 1 1 1 1 1 1 1 1 1 1 1 1 1 1 1 1 1 1 1 1 1 1 1 1 1 1 1 1
 1 1 1 1 1 1 1 1 1 1 1 1 1 0 0 0 1 1 0 1 0 0 0 0 0 0 0 1 0 0 1 0 1 0 1 1 1
 1 1 1 0 1 1 1 1 1 1 1 1 1 0 1 1 1 1 1 1 1 1 1 1 1 1 1 1 1 1 1 1 1 1 1 1 1
 1 1 1 0 0 1 1 0 1 1 1 0 0 0 0 0 1 0 0 1 1 1 0 0 1 1 0 1 0 0 0 0 0 0 0 1 0
 0 1 0 1 0 1 1 0 1 1 1 0 0 0 0 0 1 0 0 1 1 1 0 1 1 1 1 1 1 1 1 1 1 1 1 1 1
 1 1 1 1 1 1 1 1 1 1 1 1 1 1 1 1 1 1 1 1 0 1 0 0 0 0 0 1 0 0 0 0 1 0 1 1 1
 1 1 1 1 1 1 1 1 1 1 1 1 0 1 1 0 0 1 0 1 1 1 1 0 1 1 1 1 1 1 1 1 1 1 1 1 0
 0 0 0 1 0 0 0 0 1 0 0 0 0 1 0 0 1 1 1 0 0 0 1 0 0 1 1 1 0 0 1 0 0 1 0 1 0
 1 0 0 1 0 1 0 1 1 1 1 1 1 0 1 0 1 0 1 1 1 0 1 1 1 1 0 1 0 0 0 0 0 0 0 0 0
 0 0 0 0 0 0 0 1 0 0 0 1 0 0 0 0 0 0 0 0 0]
-0.004271999823856731 (3941.8700201511383)
[1 1 1 1 1 1 1 1 1 1 1 1 1 1 1 1 1 1 1 1 1 1 1 1 1 1 1 1 1 0 1 1 1 0 1 1 0
 0 0 1 1 0 1 1 1 0 0 0 0 0 1 0 0 1 1 1 0 1 1 1 0 1 1 0 0 0 1 1 0 1 1 1 0 0
 0 0 0 1 0 0 1 1 1 0 1 1 1 1 1 1 1 1 1 1 1 1 1 1 1 1 1 1 1 1 1 1 1 1 1 1 1
 1 1 1 1 1 1 1 1 1 1 1 1 1 1 1 1 1 1 1 1 1 1 1 1 1 1 1 1 1 1 1 1 1 1 1 1 1
 1 1 1 1 1 1 1 1 1 1 1 1 1 0 0 0 1 1 0 1 0 0 0 0 0 0 0 1 0 0 1 0 1 0 1 1 1
 1 1 1 0 1 1 1 1 1 1 1 1 1 1 1 1 1 1 1 1 1 1 1 1 1 1 1 1 1 1 1 1 1 1 1 1 1
 1 1 1 0 0 1 1 0 1 1 1 0 0 0 0 0 1 0 0 1 1 1 0 0 1 1 0 1 0 0 0 0 0 0 0 1 0
 0 1 0 1 0 1 1 0 1 1 1 0 0 0 0 0 1 0 0 1 1 1 0 1 1 1 1 1 1 1 1 1 1 1 1 1 1
 1 1 1 1 1 1 1 1 1 1 1 1 1 1 1 1 1 1 1 1 0 1 0 0 0 0 0 1 0 0 1 0 1 0 1 1 1
 1 1 1 1 1 1 1 1 1 1 1 1 0 1 1 0 0 1 0 1 1 1 1 0 1 1 1 1 1 1 1 1 1 1 1 1 0
 0 0 0 0 0 0 0 0 1 0 0 0 0 1 0 0 1 1 1 0 0 0 1 0 0 1 1 1 0 0 1 0 0 1 0 1 0
 1 0 0 1 1 1 0 1 1 1 1 1 1 0 1 0 1 0 1 1 1 0 1 1 1 1 0 1 0 0 0 0 0 0 0 0 0
 0 0 0 0 0 0 0 1 0 0 0 1 0 0 0 0 0 0 0 0 0]
(-0.003309271547550452+0j) (3941.9224021434784)
[1 1 1 1 1 1 1 1 1 1 1 1 1 1 1 1 1 1 1 1 1 1 1 1 1 1 1 1 1 0 1 1 1 0 1 1 0
 0 0 1 1 0 1 1 1 0 0 0 0 0 1 0 0 1 1 1 0 1 1 1 0 1 1 0 0 0 1 1 0 1 1 1 0 0
 0 0 0 1 0 0 1 1 1 0 1 1 1 1 1 1 1 1 1 1 1 1 1 1 1 1 1 1 1 1 1 1 1 1 1 1 1
 1 1 1 1 1 1 1 1 1 1 1 1 1 1 1 1 1 1 1 1 1 1 1 1 1 1 1 1 1 1 1 1 1 1 1 1 1
 1 1 1 1 1 1 1 1 1 1 1 1 1 0 0 0 1 1 0 1 0 0 0 0 0 0 0 1 0 0 1 0 1 0 1 1 1
 1 1 1 0 1 1 1 1 1 1 1 1 1 1 1 1 1 1 1 1 1 1 1 1 1 1 1 1 1 1 1 1 1 1 1 1 1
 1 1 1 0 0 1 1 0 1 1 1 0 0 0 0 0 1 0 0 1 1 1 0 0 1 1 0 1 0 0 0 0 0 0 0 1 0
 0 1 0 1 0 1 1 0 1 1 1 0 0 0 0 0 1 0 0 1 1 1 0 1 1 1 1 1 1 1 1 1 1 1 1 1 1
 1 1 1 1 1 1 1 1 1 1 1 1 1 1 1 1 1 1 1 1 0 1 0 0 0 0 0 1 0 0 0 0 1 0 1 1 1
 1 1 1 1 1 1 1 1 1 1 1 1 0 1 1 0 0 1 0 1 1 1 1 0 1 1 1 1 1 1 1 1 1 1 1 1 0
 0 0 0 1 0 0 0 0 1 0 0 0 0 1 0 0 1 1 1 0 0 0 1 0 0 1 1 1 0 0 1 0 0 1 0 1 0
 1 0 0 1 1 1 0 1 1 1 1 1 1 0 1 0 1 0 1 1 1 0 1 1 1 1 0 1 0 0 0 0 0 0 0 0 0
 0 0 0 0 0 0 0 1 0 0 0 1 0 0 0 0 0 0 0 0 0]
-0.002696133667313916 (3941.9414851665497)
[1 1 1 1 1 1 1 1 1 1 1 1 1 1 1 1 1 1 1 1 1 1 1 1 1 1 1 1 1 0 1 1 1 0 1 1 0
 0 0 1 1 0 1 1 1 0 0 0 0 0 1 0 0 1 1 1 0 1 1 1 0 1 1 0 0 0 1 1 0 1 1 1 0 0
 0 0 0 1 0 0 1 1 1 0 1 1 1 1 1 1 1 1 1 1 1 1 1 1 1 1 1 1 1 1 1 1 1 1 1 1 1
 1 1 1 1 1 1 1 1 1 1 1 1 1 1 1 1 1 1 1 1 1 1 1 1 1 1 1 1 1 1 1 1 1 1 1 1 1
 1 1 1 1 1 1 1 1 1 1 1 1 1 0 0 0 1 1 0 1 0 0 0 0 0 0 0 1 0 0 1 0 1 0 1 1 1
 1 1 1 0 1 1 1 1 1 1 1 1 1 1 1 1 1 1 1 1 1 1 1 1 1 1 1 1 1 1 1 1 1 1 1 1 1
 1 1 1 0 0 1 1 0 1 1 1 0 0 0 0 0 1 0 0 1 1 1 0 0 1 1 0 1 0 0 0 0 0 0 0 1 0
 0 1 0 1 0 1 1 0 1 1 1 0 0 0 0 0 1 0 0 1 1 1 0 1 1 1 1 1 1 1 1 1 1 1 1 1 1
 1 1 1 1 1 1 1 1 1 1 1 1 1 1 1 1 1 1 1 1 0 1 0 0 0 0 0 1 0 0 1 0 1 0 1 1 1
 1 1 1 1 1 1 1 1 1 1 1 1 0 1 1 0 0 1 0 1 1 1 1 0 1 1 1 1 1 1 1 1 1 1 1 1 0
 0 0 0 1 0 0 0 0 1 0 0 0 0 1 0 0 1 1 1 0 0 0 1 0 0 1 1 1 0 0 1 0 0 1 0 1 0
 1 0 0 1 1 1 0 1 1 1 1 1 1 0 1 0 1 0 1 1 1 0 1 1 1 1 0 1 0 1 0 0 0 0 0 0 0
 0 0 0 0 0 0 0 0 0 0 0 0 0 0 0 0 0 0 0 0 1]
-0.002210711760369577 (4005.8570790290833)
[1 1 1 1 1 1 1 1 1 1 1 1 1 1 1 1 1 1 1 1 1 1 1 1 1 1 1 1 1 0 1 1 1 0 1 1 0
 0 0 1 1 0 1 1 1 0 0 0 0 0 1 0 0 1 1 1 0 1 1 1 0 1 1 0 0 0 1 1 0 1 1 1 0 0
 0 0 0 1 0 0 1 1 1 0 1 1 1 1 1 1 1 1 1 1 1 1 1 1 1 1 1 1 1 1 1 1 1 1 1 1 1
 1 1 1 1 1 1 1 1 1 1 1 1 1 1 1 1 1 1 1 1 1 1 1 1 1 1 1 1 1 1 1 1 1 1 1 1 1
 1 1 1 1 1 1 1 1 1 1 1 1 1 0 0 0 1 1 0 1 0 0 0 0 0 0 0 1 0 0 1 0 1 0 1 1 1
 1 1 1 0 1 1 1 1 1 1 1 1 1 1 1 1 1 1 1 1 1 1 1 1 1 1 1 1 1 1 1 1 1 1 1 1 1
 1 1 1 0 0 1 1 0 1 1 1 0 0 0 0 0 1 0 0 1 1 1 0 0 1 1 0 1 0 0 0 0 0 0 0 1 0
 0 0 0 1 0 1 1 0 1 1 1 0 0 0 0 0 1 0 0 1 1 1 0 1 1 1 1 1 1 1 1 1 1 1 1 1 1
 1 1 1 1 1 1 1 1 1 1 1 1 1 1 1 1 1 1 1 1 0 1 0 0 0 0 0 1 0 0 0 0 1 0 1 1 1
 1 1 1 1 1 1 1 1 1 1 1 1 0 1 1 0 0 1 0 1 1 1 1 0 1 1 1 1 1 1 1 1 1 1 1 1 0
 0 0 0 1 0 0 0 0 1 0 0 0 0 1 0 0 1 1 1 0 0 0 1 0 0 1 1 1 0 0 1 0 0 1 0 1 0
 1 0 0 1 1 1 0 1 1 1 1 1 1 0 1 1 1 0 1 1 1 0 1 1 1 1 0 1 0 0 0 0 0 0 0 0 0
 0 0 0 0 0 1 0 0 0 0 0 0 0 0 0 0 0 0 1 0 0]
-0.001821132654356461 (4019.0162212848663)
[1 1 1 1 1 1 1 1 1 1 1 1 1 1 1 1 1 1 1 1 1 1 1 1 1 1 1 1 1 0 1 1 1 0 1 1 0
 0 0 1 1 0 1 1 1 0 0 0 0 0 1 0 0 1 1 1 0 1 1 1 0 1 1 0 0 0 1 1 0 1 1 1 0 0
 0 0 0 1 0 0 1 1 1 0 1 1 1 1 1 1 1 1 1 1 1 1 1 1 1 1 1 1 1 1 1 1 1 1 1 1 1
 1 1 1 1 1 1 1 1 1 1 1 1 1 1 1 1 1 1 1 1 1 1 1 1 1 1 1 1 1 1 1 1 1 1 1 1 1
 1 1 1 1 1 1 1 1 1 1 1 1 1 0 0 0 1 1 0 1 0 0 0 0 0 0 0 1 0 0 0 0 1 0 1 1 1
 1 1 1 0 1 1 1 1 1 1 1 1 1 1 1 1 1 1 1 1 1 1 1 1 1 1 1 1 1 1 1 1 1 1 1 1 1
 1 1 1 0 0 1 1 0 1 1 1 0 0 0 0 0 1 0 0 1 1 1 0 0 1 1 0 1 0 0 0 0 0 0 0 1 0
 0 0 0 1 0 1 1 0 1 1 1 0 0 0 0 0 1 0 0 1 1 1 0 1 1 1 1 1 1 1 1 1 1 1 1 1 1
 1 1 1 1 1 1 1 1 1 1 1 1 1 1 1 1 1 1 1 1 0 1 0 0 0 0 0 1 0 0 0 0 1 0 1 1 1
 1 1 1 1 1 1 1 1 1 1 1 1 0 1 1 0 0 1 0 1 1 1 1 0 1 1 1 1 1 1 1 1 1 1 1 1 0
 0 0 0 1 0 0 0 0 1 0 0 0 0 1 0 0 1 1 1 0 0 0 1 0 0 1 1 1 0 0 1 0 0 1 0 1 0
 1 0 0 1 1 1 0 1 1 1 1 1 1 0 1 1 1 0 1 1 1 0 1 1 1 1 0 1 0 0 0 0 0 0 0 0 0
 0 0 0 0 0 0 0 0 0 0 0 0 0 0 0 0 0 0 0 0 1]
-0.0007476556759797859 (4554.634061098099)
[1 1 1 1 1 1 1 1 1 1 1 1 1 1 1 1 1 1 1 1 1 1 1 1 1 1 1 1 1 0 1 1 1 0 1 1 0
 0 0 1 1 0 1 1 1 0 0 0 0 0 1 0 0 1 1 1 0 1 1 1 0 1 1 0 0 0 1 1 0 1 1 1 0 0
 0 0 0 1 0 0 1 1 1 0 1 1 1 1 1 1 1 1 1 1 1 1 1 1 1 1 1 1 1 1 1 1 1 1 1 1 1
 1 1 1 1 1 1 1 1 1 1 1 1 1 1 1 1 1 1 1 1 1 1 1 1 1 1 1 1 1 1 1 1 1 1 1 1 1
 1 1 1 1 1 1 1 1 1 1 1 0 1 0 0 0 1 1 0 1 0 0 0 0 0 0 0 1 0 0 0 0 1 0 1 1 1
 1 1 1 0 1 1 1 1 1 1 1 1 1 1 1 1 1 1 1 1 1 1 1 1 1 1 1 1 1 1 1 1 1 1 1 1 1
 1 1 1 0 0 1 1 0 1 1 1 0 0 0 0 0 1 0 0 1 1 1 0 0 1 1 0 1 0 0 0 0 0 0 0 1 0
 0 0 0 1 0 1 1 0 1 1 1 0 0 0 0 0 1 0 0 1 1 1 0 1 1 1 1 1 1 1 1 1 1 1 1 1 1
 1 1 1 1 1 1 1 1 1 1 1 1 1 1 1 1 1 1 1 1 0 1 0 0 0 0 0 1 0 0 0 0 1 0 1 1 1
 1 1 1 1 1 1 1 1 1 1 1 1 0 1 1 0 0 1 0 1 1 1 1 0 1 1 1 1 1 1 1 1 1 1 1 1 0
 0 0 0 1 0 0 0 0 1 0 0 0 0 1 0 0 1 1 1 0 0 0 1 0 0 1 1 1 0 0 1 0 0 1 0 1 0
 1 0 0 1 1 1 0 1 1 1 1 1 1 0 1 1 1 0 1 1 1 0 1 1 1 1 0 1 0 1 0 0 0 0 0 0 0
 0 0 0 0 0 0 0 0 0 0 0 0 0 0 0 0 0 0 0 0 0]
-0.0004071076210721003 (4595.633050203323)
[1 1 1 1 1 1 1 1 1 1 1 1 1 1 1 1 1 1 1 1 1 1 1 1 1 1 1 1 1 0 1 1 1 0 1 1 0
 0 0 1 1 0 1 1 1 0 0 0 0 0 1 0 0 1 1 1 0 1 1 1 0 1 1 0 0 0 1 1 0 1 1 1 0 0
 0 0 0 1 0 0 1 1 1 0 1 1 1 1 1 1 1 1 1 1 1 1 1 1 1 1 1 1 1 1 1 1 1 1 1 1 1
 1 1 1 1 1 1 1 1 1 1 1 1 1 1 1 1 1 1 1 1 1 1 1 1 1 1 1 1 1 1 1 1 1 1 1 1 1
 1 1 1 1 1 1 1 1 1 1 1 1 1 0 0 0 1 1 0 1 0 0 0 0 0 0 0 1 0 0 0 0 1 0 1 1 1
 1 1 1 0 1 1 1 1 1 1 1 1 1 1 1 1 1 1 1 1 1 1 1 1 1 1 1 1 1 1 1 1 1 1 1 1 1
 1 1 1 0 0 1 1 0 1 1 1 0 0 0 0 0 1 0 0 1 1 1 0 0 1 1 0 1 0 0 0 0 0 0 0 1 0
 0 0 0 1 0 1 1 0 1 1 1 0 0 0 0 0 1 0 0 1 1 1 0 1 1 1 1 1 1 1 1 1 1 1 1 1 1
 1 1 1 1 1 1 1 1 1 1 1 1 1 1 1 1 1 1 1 1 0 0 0 0 0 0 0 1 0 0 0 0 1 0 1 1 1
 1 1 1 1 1 1 1 1 1 1 1 1 0 1 1 0 0 1 0 1 1 1 1 0 1 1 1 1 1 1 1 1 1 1 1 1 0
 0 0 0 1 0 0 0 0 1 0 0 0 0 1 0 0 1 1 1 0 0 0 1 0 0 1 1 1 0 0 1 0 0 1 0 1 0
 1 0 0 1 1 1 0 1 1 1 1 1 1 0 1 1 1 0 1 1 1 0 1 1 1 1 0 1 0 0 1 0 0 0 0 0 0
 0 0 0 0 0 0 0 0 0 0 0 0 0 0 0 0 1 0 0 0 0]
1.1368683772161603e-13 (4681.207446098328)
[1 1 1 1 1 1 1 1 1 1 1 1 1 1 1 1 1 1 1 1 1 1 1 1 1 1 1 1 1 0 1 1 1 0 1 1 0
 0 0 1 1 0 1 1 1 0 0 0 0 0 1 0 0 1 1 1 0 1 1 1 0 1 1 0 0 0 1 1 0 1 1 1 0 0
 0 0 0 1 0 0 1 1 1 0 1 1 1 1 1 1 1 1 1 1 1 1 1 1 1 1 1 1 1 1 1 1 1 1 1 1 1
 1 1 1 1 1 1 1 1 1 1 1 1 1 1 1 1 1 1 1 1 1 1 1 1 1 1 1 1 1 1 1 1 1 1 1 1 1
 1 1 1 1 1 1 1 1 1 1 1 1 1 0 0 0 1 1 0 1 0 0 0 0 0 0 0 1 0 0 0 0 1 0 1 1 1
 1 1 1 0 1 1 1 1 1 1 1 1 1 1 1 1 1 1 1 1 1 1 1 1 1 1 1 1 1 1 1 1 1 1 1 1 1
 1 1 1 0 0 1 1 0 1 0 1 0 0 0 0 0 1 0 0 1 1 1 0 0 1 1 0 1 0 0 0 0 0 0 0 1 0
 0 0 0 1 0 1 1 0 1 1 1 0 0 0 0 0 1 0 0 1 1 1 0 1 1 1 1 1 1 1 1 1 1 1 1 1 1
 1 1 1 1 1 1 1 1 1 1 1 1 1 1 1 1 1 1 1 1 0 0 0 0 0 0 0 1 0 0 0 0 1 0 1 1 1
 1 1 1 1 1 1 1 1 1 1 1 1 0 1 1 0 0 1 0 1 1 1 1 0 1 1 1 1 1 1 1 1 1 1 1 1 0
 0 0 0 1 0 0 0 0 1 0 0 0 0 1 0 0 1 1 1 0 0 0 1 0 0 1 1 1 0 0 1 0 0 1 0 1 0
 1 0 0 1 1 1 0 1 1 1 1 1 1 0 1 1 1 0 1 1 1 0 1 1 1 1 0 1 0 0 0 0 0 0 0 0 0
 0 0 0 0 0 1 0 0 0 0 0 0 0 0 0 0 0 1 0 0 0]
1.7053025658242404e-13 (4957.388196229935)
[1 1 1 1 1 1 1 1 1 1 1 1 1 1 1 1 1 1 1 1 1 1 1 1 1 1 1 1 1 0 1 1 1 0 1 1 0
 0 0 1 1 0 1 1 1 0 0 0 0 0 1 0 0 1 1 1 0 1 1 1 0 1 1 0 0 0 1 1 0 1 0 1 0 0
 0 0 0 1 0 0 1 1 1 0 1 1 1 1 1 1 1 1 1 1 1 1 1 1 1 1 1 1 1 1 1 1 1 1 1 1 1
 1 1 1 1 1 1 1 1 1 1 1 1 1 1 1 1 1 1 1 1 1 1 1 1 1 1 1 1 1 1 1 1 1 1 1 1 1
 1 1 1 1 1 1 1 1 1 1 1 1 1 0 0 0 1 1 0 1 0 0 0 0 0 0 0 1 0 0 0 0 1 0 1 1 1
 1 1 1 0 1 1 1 1 1 1 1 1 1 1 1 1 1 1 1 1 1 1 1 1 1 1 1 1 1 1 1 1 1 1 1 1 1
 1 1 1 0 0 1 1 0 1 0 1 0 0 0 0 0 1 0 0 1 1 1 0 0 1 1 0 1 0 0 0 0 0 0 0 1 0
 0 0 0 1 0 1 1 0 1 1 1 0 0 0 0 0 1 0 0 1 1 1 0 1 1 1 1 1 1 1 1 1 1 1 1 1 1
 1 1 1 1 1 1 1 1 1 1 1 1 1 1 1 1 1 1 1 1 0 0 0 0 0 0 0 1 0 0 0 0 1 0 1 1 1
 1 1 1 1 1 1 1 1 1 1 1 1 0 1 1 0 0 1 0 1 1 1 1 0 1 1 1 1 1 1 1 1 1 1 1 1 0
 0 0 0 1 0 0 0 0 1 0 0 0 0 1 0 0 1 1 1 0 0 0 1 0 0 1 1 1 0 0 1 0 0 1 0 1 0
 1 0 0 1 1 1 0 1 1 1 1 1 1 0 1 1 1 0 1 1 1 0 1 1 1 1 0 1 0 0 0 0 0 0 1 0 1
 0 0 0 0 0 0 0 0 0 0 0 0 0 0 0 0 0 0 0 0 0]
2.2737367544323206e-13 (5481.902626037598)
[1 1 1 1 1 1 1 1 1 1 1 1 1 1 1 1 1 1 1 1 1 1 1 1 1 1 1 1 1 0 1 1 1 0 1 1 0
 0 0 1 1 0 1 1 1 0 0 0 0 0 1 0 0 1 1 1 0 1 1 1 0 1 1 0 0 0 1 1 0 1 1 1 0 0
 0 0 0 1 0 0 1 1 1 0 1 1 1 1 1 1 1 1 1 1 0 1 1 1 1 1 1 1 1 1 1 1 1 1 1 1 1
 1 1 1 1 1 1 1 1 0 1 1 1 1 1 1 1 1 1 1 1 1 1 1 1 1 1 1 1 1 1 1 1 1 1 1 1 1
 1 1 1 1 1 1 1 1 1 1 1 1 1 0 0 0 1 1 0 1 0 0 0 0 0 0 0 1 0 0 0 0 1 0 1 1 1
 1 1 1 0 1 1 1 1 1 1 1 1 1 1 1 1 1 1 1 1 1 1 1 1 1 1 1 1 1 1 1 1 1 1 1 1 1
 1 1 1 0 0 1 1 0 1 1 1 0 0 0 0 0 1 0 0 1 1 1 0 0 1 1 0 1 0 0 0 0 0 0 0 1 0
 0 0 0 1 0 1 1 0 1 1 1 0 0 0 0 0 1 0 0 1 1 1 0 1 1 1 1 1 1 1 1 1 1 1 1 1 1
 1 1 1 1 1 1 1 1 1 1 1 1 1 1 1 1 1 1 1 1 0 0 0 0 0 0 0 1 0 0 0 0 1 0 1 1 1
 1 1 1 1 1 1 1 1 1 1 1 1 0 0 1 0 0 1 0 1 1 1 1 0 1 1 1 1 1 1 1 1 1 1 1 1 0
 0 0 0 1 0 0 0 0 1 0 0 0 0 1 0 0 1 1 1 0 0 0 1 0 0 1 1 1 0 0 1 0 0 1 0 1 0
 1 0 0 1 1 1 0 1 1 1 1 1 1 0 1 1 1 0 1 1 1 0 1 1 1 1 0 1 0 1 0 0 0 0 0 0 0
 0 0 0 0 0 0 0 1 0 0 0 0 0 0 0 0 0 0 0 0 0]
2.8421709430404007e-13 (5581.824637889862)
